0 0.38875 0.6083333333333334 0.16249999999999998 0.23000000000000004
0 0.0725 0.8766666666666667 0.13999999999999999 0.21333333333333326
0 0.09625 0.305 0.1175 0.16333333333333333
0 0.34125 0.31666666666666665 0.11250000000000004 0.13999999999999999
0 0.66125 0.35833333333333334 0.14250000000000007 0.18333333333333335
0 0.53 0.18 0.10500000000000004 0.16
0 0.745 0.10333333333333333 0.09499999999999997 0.14
0 0.0275 0.335 0.049999999999999996 0.10999999999999999
0 0.8725 0.11833333333333333 0.09500000000000008 0.11666666666666667
0 0.6487499999999999 0.1 0.0675 0.11333333333333334
1 0.4425 0.19833333333333333 0.07 0.10333333333333333
1 0.915 0.2833333333333333 0.135 0.17333333333333334
