0 0.0825 0.24719101123595505 0.035 0.05992509363295881
0 0.1725 0.25280898876404495 0.04000000000000001 0.07116104868913856
1 0.22375 0.20037453183520598 0.027499999999999997 0.04119850187265919
1 0.255 0.15917602996254682 0.040000000000000036 0.0561797752808989
1 0.355 0.19662921348314605 0.044999999999999984 0.06367041198501874
0 0.50375 0.2378277153558052 0.05250000000000005 0.0936329588014981
1 0.59875 0.1797752808988764 0.04249999999999998 0.06741573033707865
0 0.82375 0.14794007490636704 0.057499999999999996 0.10112359550561799
0 0.75125 0.12734082397003746 0.02749999999999997 0.0449438202247191
0 0.72 0.19662921348314608 0.025000000000000022 0.041198501872659166
1 0.06 0.16853932584269662 0.03 0.05243445692883897
