1 0.04875 0.039999999999999994 0.057499999999999996 0.07333333333333333
0 0.05 0.35 0.055 0.09333333333333332
0 0.245 0.26666666666666666 0.060000000000000026 0.07999999999999999
0 0.28375 0.06833333333333333 0.0625 0.09
1 0.0625 0.4733333333333334 0.049999999999999996 0.08666666666666673
0 0.02375 0.8816666666666666 0.042499999999999996 0.13
0 0.0975 0.785 0.07 0.1166666666666667
0 0.25 0.49 0.05500000000000002 0.09333333333333327
0 0.49375 0.13833333333333334 0.0625 0.07666666666666666
0 0.48625 0.27 0.0675 0.09333333333333332
0 0.50375 0.42333333333333334 0.06250000000000006 0.09333333333333332
0 0.36750000000000005 0.925 0.07 0.10999999999999999
0 0.52375 0.75 0.07250000000000006 0.09333333333333327
0 0.5775 0.825 0.07499999999999996 0.10999999999999999
0 0.6625 0.4866666666666667 0.05499999999999994 0.08666666666666667
0 0.68375 0.265 0.0625 0.09
0 0.7775000000000001 0.26 0.05999999999999994 0.1
0 0.8574999999999999 0.08333333333333333 0.04500000000000004 0.07333333333333333
0 0.93875 0.3416666666666667 0.0675 0.08333333333333337
0 0.96875 0.64 0.0625 0.08666666666666667
