0 0.34875 0.7809734513274337 0.11250000000000004 0.2079646017699115
0 0.53125 0.13495575221238937 0.04249999999999998 0.09292035398230089
1 0.73625 0.1261061946902655 0.0625 0.10176991150442477
0 0.63375 0.38053097345132747 0.05249999999999999 0.10619469026548672
1 0.28375 0.06637168141592921 0.01749999999999996 0.03539823008849558
1 0.33625 0.07964601769911504 0.01749999999999996 0.035398230088495575
1 0.425 0.05088495575221239 0.020000000000000018 0.030973451327433635
0 0.8187500000000001 0.18805309734513276 0.02749999999999997 0.0398230088495575
0 0.68375 0.0663716814159292 0.022499999999999964 0.04424778761061947
1 0.59125 0.048672566371681415 0.01749999999999996 0.04424778761061947
1 0.61875 0.017699115044247787 0.012499999999999956 0.02654867256637168
0 0.37375 0.1172566371681416 0.02250000000000002 0.04867256637168141
0 0.37124999999999997 0.1836283185840708 0.03750000000000003 0.10176991150442477
