0 0.11125 0.5655430711610487 0.11250000000000002 0.1722846441947566
0 0.20625 0.8183520599250936 0.12250000000000003 0.19850187265917607
0 0.3175 0.4756554307116104 0.065 0.10486891385767788
0 0.24 0.4794007490636704 0.05000000000000002 0.0674157303370787
0 0.30625 0.348314606741573 0.04750000000000004 0.07490636704119852
0 0.42000000000000004 0.3801498127340824 0.044999999999999984 0.09363295880149813
0 0.3825 0.3464419475655431 0.030000000000000027 0.048689138576779034
0 0.48 0.50187265917603 0.07 0.11985018726591762
0 0.62375 0.3932584269662921 0.0675 0.11985018726591762
0 0.775 0.350187265917603 0.050000000000000044 0.09363295880149813
0 0.76375 0.601123595505618 0.09250000000000003 0.13857677902621723
0 0.8612500000000001 0.8876404494382022 0.14750000000000008 0.2022471910112359
0 0.8925000000000001 0.38014981273408244 0.039999999999999925 0.07116104868913858
0 0.9537500000000001 0.45692883895131087 0.04749999999999999 0.06741573033707865
0 0.9612499999999999 0.7134831460674158 0.0824999999999999 0.2134831460674157
0 0.68875 0.4213483146067416 0.04249999999999998 0.07116104868913858
0 0.95625 0.35580524344569286 0.03749999999999998 0.0449438202247191
