0 0.11 0.5898058252427185 0.07999999999999999 0.17961165048543692
0 0.06999999999999999 0.27184466019417475 0.065 0.14563106796116507
0 0.13875 0.12378640776699029 0.05750000000000001 0.15048543689320387
0 0.2275 0.5169902912621359 0.065 0.1699029126213592
0 0.1675 0.412621359223301 0.05499999999999999 0.13592233009708737
0 0.33499999999999996 0.5995145631067962 0.06 0.19902912621359226
0 0.275 0.9393203883495146 0.095 0.12135922330097082
0 0.43 0.9029126213592233 0.10999999999999999 0.19417475728155342
0 0.4225 0.3640776699029126 0.07 0.1747572815533981
0 0.34375 0.24757281553398058 0.0625 0.14563106796116507
0 0.5475 0.38349514563106796 0.06000000000000005 0.1456310679611651
0 0.58125 0.7888349514563107 0.08250000000000002 0.16019417475728148
0 0.63125 0.5898058252427185 0.0625 0.17961165048543692
0 0.6074999999999999 0.33009708737864074 0.06500000000000006 0.16504854368932037
0 0.665 0.13106796116504854 0.05500000000000005 0.13592233009708737
1 0.5387500000000001 0.0970873786407767 0.04749999999999999 0.09708737864077668
0 0.76875 0.4223300970873787 0.057499999999999996 0.14563106796116504
0 0.81 0.6844660194174756 0.08999999999999997 0.2038834951456311
0 0.8612500000000001 0.6553398058252426 0.057499999999999996 0.15533980582524276
0 0.9675 0.46116504854368934 0.06999999999999995 0.1844660194174757
0 0.92875 0.20631067961165048 0.0625 0.15048543689320387
0 0.94625 0.06067961165048544 0.05249999999999999 0.09223300970873785
0 0.8512500000000001 0.366504854368932 0.0675 0.1407766990291262
0 0.9762500000000001 0.8932038834951457 0.04749999999999999 0.21359223300970875
