0 0.09125 0.30337078651685395 0.057499999999999996 0.0898876404494382
0 0.34625 0.27153558052434457 0.05249999999999999 0.08614232209737827
0 0.36875 0.6853932584269663 0.10249999999999998 0.19475655430711614
0 0.41000000000000003 0.47752808988764045 0.08500000000000002 0.13108614232209737
0 0.535 0.2584269662921348 0.030000000000000027 0.05992509363295878
0 0.6174999999999999 0.4363295880149813 0.08999999999999997 0.15355805243445697
0 0.6975 0.30711610486891383 0.04499999999999993 0.07490636704119852
0 0.7737499999999999 0.45131086142322097 0.057499999999999996 0.09363295880149813
0 0.7949999999999999 0.28277153558052437 0.04999999999999993 0.07865168539325842
0 0.89375 0.5280898876404494 0.11750000000000005 0.16479400749063677
0 0.9312499999999999 0.21348314606741575 0.03749999999999998 0.05992509363295881
0 0.875 0.21722846441947566 0.040000000000000036 0.06741573033707865
0 0.030000000000000002 0.6123595505617978 0.055 0.11610486891385763
