1 0.125 0.3047619047619048 0.065 0.13333333333333336
1 0.18875 0.4285714285714286 0.0625 0.10476190476190478
1 0.19375 0.6023809523809524 0.0675 0.13809523809523805
1 0.25 0.2761904761904762 0.060000000000000026 0.13333333333333333
1 0.3375 0.5523809523809524 0.07500000000000001 0.16190476190476188
0 0.4475 0.5833333333333334 0.08999999999999997 0.19523809523809527
1 0.5425 0.30952380952380953 0.05499999999999994 0.13333333333333333
1 0.60875 0.6690476190476191 0.08250000000000002 0.15714285714285714
1 0.6225 0.5 0.06500000000000006 0.1333333333333333
0 0.885 0.6452380952380953 0.08000000000000007 0.18571428571428572
1 0.9625 0.3595238095238095 0.05499999999999994 0.11904761904761907
1 0.6950000000000001 0.15714285714285714 0.05500000000000005 0.10476190476190476
1 0.88125 0.20714285714285713 0.04249999999999998 0.08095238095238097
1 0.485 0.28095238095238095 0.05499999999999994 0.09523809523809523
