0 0.175 0.2925311203319502 0.035 0.09543568464730293
0 0.35250000000000004 0.3796680497925311 0.04999999999999999 0.08713692946058088
0 0.53125 0.36929460580912865 0.05249999999999999 0.09128630705394192
0 0.76 0.34647302904564314 0.05499999999999994 0.0954356846473029
0 0.8712500000000001 0.3526970954356846 0.02749999999999997 0.11618257261410786
1 0.68625 0.32157676348547715 0.01749999999999996 0.037344398340248997
1 0.59875 0.3941908713692946 0.01750000000000007 0.03319502074688796
1 0.59875 0.32987551867219916 0.01750000000000007 0.02904564315352698
0 0.665 0.3278008298755187 0.010000000000000009 0.024896265560165998
0 0.70875 0.3112033195020747 0.012499999999999956 0.024896265560165998
