0 0.13 0.21082089552238806 0.039999999999999994 0.07089552238805968
0 0.2475 0.22388059701492535 0.05000000000000002 0.07462686567164176
0 0.33999999999999997 0.24440298507462688 0.03999999999999998 0.055970149253731366
0 0.43375 0.12686567164179105 0.057499999999999996 0.09701492537313433
0 0.48875 0.17350746268656714 0.03250000000000003 0.048507462686567165
0 0.5625 0.1828358208955224 0.050000000000000044 0.07462686567164178
0 0.6325000000000001 0.373134328358209 0.04500000000000004 0.07462686567164178
0 0.6875 0.15671641791044777 0.050000000000000044 0.0746268656716418
0 0.77125 0.21455223880597016 0.04749999999999999 0.07835820895522388
0 0.83875 0.23320895522388058 0.03249999999999997 0.05597014925373131
0 0.88125 0.23507462686567165 0.04249999999999998 0.05970149253731341
0 0.905 0.18470149253731344 0.025000000000000022 0.04104477611940299
0 0.975 0.16044776119402984 0.050000000000000044 0.08208955223880597
