1 0.1375 0.4424778761061947 0.06500000000000002 0.10619469026548672
1 0.14375 0.30309734513274333 0.05749999999999998 0.08407079646017696
0 0.2175 0.2831858407079646 0.04999999999999999 0.07079646017699115
1 0.27625 0.34513274336283184 0.04749999999999999 0.07964601769911506
0 0.3075 0.26769911504424776 0.04500000000000004 0.08407079646017698
1 0.23625000000000002 0.19911504424778761 0.05250000000000002 0.09734513274336282
0 0.13 0.6261061946902655 0.05 0.14601769911504425
1 0.195 0.6836283185840708 0.07500000000000001 0.14601769911504425
1 0.265 0.7942477876106195 0.07499999999999998 0.15486725663716816
0 0.37124999999999997 0.8716814159292035 0.09749999999999998 0.18584070796460173
0 0.37250000000000005 0.5154867256637168 0.065 0.1283185840707965
0 0.37125 0.3495575221238938 0.0625 0.08849557522123896
1 0.36875 0.17920353982300885 0.03750000000000003 0.0663716814159292
0 0.46375 0.19026548672566373 0.04249999999999998 0.09734513274336284
0 0.445 0.24557522123893805 0.030000000000000027 0.08407079646017698
0 0.51125 0.18805309734513276 0.04249999999999998 0.08407079646017698
1 0.5725 0.13716814159292035 0.040000000000000036 0.07964601769911504
1 0.62125 0.21017699115044247 0.0625 0.1106194690265487
0 0.46499999999999997 0.4513274336283186 0.05499999999999999 0.10619469026548672
0 0.4575 0.6261061946902655 0.065 0.10176991150442483
0 0.56375 0.5110619469026548 0.0625 0.1283185840707965
1 0.48375 0.8008849557522124 0.04249999999999998 0.10619469026548667
1 0.43374999999999997 0.8384955752212389 0.04250000000000004 0.15486725663716816
0 0.6174999999999999 0.904867256637168 0.08999999999999997 0.16371681415929207
0 0.645 0.5619469026548672 0.07000000000000006 0.12389380530973448
0 0.70375 0.7876106194690266 0.05249999999999999 0.1504424778761062
0 0.6799999999999999 0.4092920353982301 0.04999999999999993 0.09292035398230086
0 0.75875 0.5287610619469026 0.057499999999999996 0.11061946902654868
1 0.6799999999999999 0.12389380530973451 0.04999999999999993 0.08849557522123895
1 0.6775 0.24336283185840707 0.040000000000000036 0.06194690265486724
1 0.7275 0.15265486725663716 0.04500000000000004 0.07522123893805309
0 0.8200000000000001 0.11946902654867256 0.03500000000000003 0.07964601769911504
1 0.7625 0.25663716814159293 0.04500000000000004 0.07964601769911506
0 0.8400000000000001 0.5088495575221239 0.06999999999999995 0.079646017699115
1 0.8925000000000001 0.7433628318584071 0.07999999999999996 0.1238938053097346
