0 0.18 0.28800000000000003 0.01999999999999999 0.03999999999999998
1 0.28500000000000003 0.29800000000000004 0.024999999999999967 0.05199999999999999
1 0.3425 0.29000000000000004 0.02999999999999997 0.05199999999999999
0 0.39 0.33399999999999996 0.03999999999999998 0.068
0 0.47750000000000004 0.28400000000000003 0.044999999999999984 0.08800000000000002
1 0.49124999999999996 0.30600000000000005 0.017500000000000016 0.05199999999999999
0 0.5425 0.31 0.040000000000000036 0.07599999999999996
1 0.575 0.34199999999999997 0.020000000000000018 0.043999999999999984
0 0.60375 0.348 0.03750000000000009 0.064
0 0.73375 0.362 0.04249999999999998 0.068
1 0.925 0.30200000000000005 0.015000000000000013 0.07600000000000001
