0 0.04375 0.9513274336283186 0.07250000000000001 0.08849557522123896
0 0.1225 0.8539823008849557 0.07 0.1327433628318584
1 0.095 0.48008849557522126 0.04999999999999999 0.09292035398230092
0 0.265 0.5022123893805309 0.04999999999999999 0.11061946902654868
0 0.26125 0.2234513274336283 0.05749999999999997 0.09292035398230086
0 0.08499999999999999 0.327433628318584 0.045 0.10619469026548672
0 0.02375 0.2831858407079646 0.0325 0.08849557522123894
0 0.56375 0.904867256637168 0.07250000000000001 0.12831858407079644
0 0.52 0.8097345132743363 0.065 0.09734513274336287
0 0.5 0.415929203539823 0.06000000000000005 0.10619469026548672
0 0.48375 0.2234513274336283 0.0625 0.09292035398230086
0 0.48875 0.06858407079646017 0.05749999999999994 0.0752212389380531
0 0.6625 0.22345132743362833 0.05499999999999994 0.11061946902654865
0 0.6425000000000001 0.4889380530973451 0.05500000000000005 0.10176991150442471
0 0.75 0.22123893805309736 0.06000000000000005 0.1150442477876106
0 0.82375 0.1415929203539823 0.057499999999999996 0.08849557522123895
0 0.89625 0.32079646017699115 0.0675 0.10176991150442483
0 0.935 0.6836283185840708 0.06500000000000006 0.10176991150442483
