0 0.07875 0.6488888888888888 0.13249999999999998 0.2844444444444444
0 0.32625000000000004 0.3933333333333333 0.027500000000000024 0.05777777777777776
0 0.40875 0.40222222222222226 0.03249999999999997 0.07555555555555554
0 0.5475 0.31999999999999995 0.030000000000000027 0.062222222222222234
0 0.135 0.4111111111111111 0.014999999999999986 0.031111111111111145
0 0.44375 0.36888888888888893 0.012500000000000011 0.026666666666666672
0 0.49124999999999996 0.3688888888888889 0.017500000000000016 0.03555555555555556
0 0.6425 0.34444444444444444 0.020000000000000018 0.022222222222222254
0 0.705 0.36 0.030000000000000027 0.053333333333333344
0 0.90125 0.30444444444444446 0.1725000000000001 0.3244444444444444
1 0.7324999999999999 0.3111111111111111 0.015000000000000013 0.03555555555555556
0 0.2175 0.40222222222222226 0.010000000000000009 0.03999999999999998
