0 0.255 0.20772058823529413 0.05000000000000002 0.07720588235294118
0 0.39249999999999996 0.24080882352941177 0.02999999999999997 0.04779411764705882
1 0.43125 0.22058823529411764 0.03250000000000003 0.05147058823529413
1 0.45375 0.2977941176470588 0.03249999999999997 0.03676470588235292
0 0.60875 0.21507352941176472 0.022499999999999964 0.04044117647058823
0 0.64375 0.2959558823529412 0.032500000000000084 0.0625
0 0.7475 0.2904411764705882 0.03500000000000003 0.0735294117647059
1 0.8262499999999999 0.24448529411764705 0.04749999999999999 0.07720588235294118
0 0.9125 0.28860294117647056 0.050000000000000044 0.08455882352941174
1 0.33875 0.2959558823529412 0.02749999999999997 0.03308823529411764
