0 0.03375 0.30444444444444446 0.0325 0.08444444444444443
0 0.11375 0.27999999999999997 0.047500000000000014 0.08888888888888888
0 0.26 0.6222222222222222 0.03500000000000003 0.06222222222222218
0 0.30625 0.44 0.03750000000000003 0.07999999999999996
0 0.35 0.36444444444444446 0.034999999999999976 0.062222222222222234
0 0.41875 0.4111111111111111 0.04249999999999998 0.06666666666666665
0 0.46625 0.40888888888888886 0.03249999999999997 0.05333333333333329
0 0.57125 0.38 0.03249999999999997 0.06666666666666665
0 0.6375 0.3933333333333333 0.03500000000000003 0.06666666666666671
0 0.7224999999999999 0.33333333333333337 0.03500000000000003 0.062222222222222234
1 0.22125 0.33999999999999997 0.03749999999999998 0.07555555555555554
1 0.31375 0.35333333333333333 0.027500000000000024 0.04888888888888887
1 0.5325 0.39111111111111113 0.030000000000000027 0.07111111111111112
1 0.395 0.3711111111111111 0.034999999999999976 0.06666666666666665
