0 0.095 0.40074906367041196 0.10499999999999998 0.16479400749063672
1 0.20375 0.4101123595505618 0.07249999999999998 0.11610486891385763
1 0.29374999999999996 0.702247191011236 0.10749999999999998 0.15355805243445697
0 0.47624999999999995 0.4101123595505618 0.08249999999999996 0.13857677902621723
0 0.5625 0.31647940074906367 0.06499999999999995 0.11610486891385768
1 0.665 0.34644194756554303 0.09499999999999997 0.10861423220973782
0 0.80375 0.36329588014981273 0.04749999999999999 0.1123595505617978
0 0.8775 0.4269662921348315 0.09999999999999998 0.15730337078651685
1 0.98 0.5093632958801498 0.040000000000000036 0.14981273408239698
0 0.7637499999999999 0.8202247191011236 0.12750000000000006 0.16479400749063666
