1 0.1325 0.9102040816326531 0.045 0.0653061224489796
1 0.030000000000000002 0.6775510204081632 0.04 0.0653061224489796
1 0.15125 0.6857142857142857 0.037500000000000006 0.0653061224489796
1 0.045 0.5755102040816327 0.035 0.05714285714285716
1 0.16625 0.5346938775510204 0.04250000000000001 0.0653061224489796
1 0.05875 0.4387755102040817 0.0375 0.06122448979591838
1 0.16499999999999998 0.4408163265306122 0.035 0.040816326530612235
1 0.20375 0.3877551020408163 0.0325 0.04897959183673467
1 0.06625 0.29183673469387755 0.0325 0.05306122448979589
1 0.09875 0.24285714285714288 0.027499999999999997 0.036734693877551045
1 0.21250000000000002 0.26122448979591834 0.035 0.057142857142857134
1 0.12 0.11836734693877551 0.030000000000000013 0.048979591836734684
1 0.21000000000000002 0.1346938775510204 0.035 0.057142857142857134
1 0.22875 0.0673469387755102 0.0325 0.044897959183673466
1 0.39625 0.12653061224489798 0.017500000000000016 0.04081632653061226
0 0.47250000000000003 0.11224489795918367 0.019999999999999962 0.04489795918367348
0 0.51875 0.0979591836734694 0.022500000000000075 0.04081632653061225
1 0.45499999999999996 0.14489795918367349 0.02999999999999997 0.04489795918367348
1 0.45875 0.2020408163265306 0.02749999999999997 0.04489795918367348
0 0.43875 0.30204081632653057 0.027500000000000024 0.040816326530612235
1 0.475 0.35306122448979593 0.019999999999999962 0.04489795918367345
1 0.45375 0.4040816326530612 0.02250000000000002 0.04897959183673467
1 0.4575 0.49183673469387756 0.02999999999999997 0.053061224489795944
1 0.43374999999999997 0.5836734693877551 0.03750000000000003 0.05714285714285716
1 0.46875 0.6591836734693877 0.03249999999999997 0.04489795918367345
1 0.47750000000000004 0.8408163265306122 0.034999999999999976 0.04081632653061229
1 0.49375 0.9326530612244899 0.04250000000000004 0.06938775510204087
1 0.4625 0.9163265306122449 0.014999999999999958 0.044897959183673564
0 0.5237499999999999 0.4448979591836735 0.032500000000000084 0.048979591836734726
1 0.5549999999999999 0.4877551020408163 0.03500000000000003 0.06122448979591838
1 0.5625 0.39387755102040817 0.03499999999999992 0.05306122448979589
1 0.5349999999999999 0.3877551020408163 0.025000000000000022 0.04897959183673467
1 0.52625 0.21020408163265306 0.01750000000000007 0.03673469387755102
1 0.5475 0.23265306122448978 0.030000000000000027 0.04897959183673467
1 0.5825 0.11224489795918367 0.025000000000000022 0.04489795918367348
1 0.59 0.2530612244897959 0.030000000000000027 0.0489795918367347
1 0.6375 0.24285714285714288 0.025000000000000022 0.036734693877551045
1 0.63875 0.3510204081632653 0.03249999999999997 0.048979591836734726
1 0.6174999999999999 0.5265306122448979 0.029999999999999916 0.04081632653061229
1 0.56375 0.673469387755102 0.02749999999999997 0.05714285714285716
1 0.6000000000000001 0.7224489795918367 0.03500000000000003 0.05714285714285716
1 0.64375 0.7183673469387755 0.032500000000000084 0.05714285714285705
1 0.6499999999999999 0.5510204081632653 0.03500000000000003 0.05714285714285705
1 0.64 0.9428571428571428 0.030000000000000027 0.05714285714285716
1 0.6187499999999999 0.15510204081632653 0.02749999999999997 0.040816326530612235
1 0.65875 0.12653061224489798 0.01749999999999996 0.04081632653061226
1 0.6487499999999999 0.07346938775510203 0.022500000000000075 0.03265306122448979
1 0.71625 0.1 0.022500000000000075 0.03673469387755103
1 0.69 0.1326530612244898 0.025000000000000022 0.02857142857142858
1 0.72 0.17755102040816326 0.030000000000000027 0.03673469387755102
1 0.7075 0.27755102040816326 0.03500000000000003 0.04081632653061229
1 0.73125 0.25510204081632654 0.012500000000000067 0.04489795918367348
1 0.70125 0.3755102040816326 0.03249999999999997 0.040816326530612235
1 0.73125 0.4224489795918367 0.032500000000000084 0.053061224489795944
1 0.7562500000000001 0.4306122448979592 0.01749999999999996 0.04489795918367345
1 0.74375 0.5326530612244897 0.03249999999999997 0.053061224489796
1 0.7362500000000001 0.6714285714285715 0.03749999999999998 0.04489795918367345
1 0.77 0.8061224489795918 0.03500000000000003 0.05306122448979589
1 0.78625 0.8775510204081632 0.022499999999999964 0.03265306122448974
1 0.8025 0.9693877551020408 0.03499999999999992 0.05306122448979589
1 0.76125 0.10408163265306122 0.01750000000000007 0.02857142857142858
