0 0.27875 0.24906367041198502 0.02749999999999997 0.041198501872659166
1 0.36125 0.2752808988764045 0.03749999999999998 0.048689138576779034
0 0.48874999999999996 0.23782771535580524 0.03749999999999998 0.06367041198501872
0 0.61625 0.29588014981273403 0.04749999999999999 0.06741573033707865
0 0.72 0.32958801498127344 0.04500000000000004 0.06741573033707865
0 0.83875 0.301498127340824 0.0625 0.08614232209737827
0 0.98 0.28838951310861427 0.040000000000000036 0.11235955056179775
0 0.22375 0.28464419475655434 0.022499999999999992 0.03745318352059929
0 0.19624999999999998 0.2602996254681648 0.022499999999999992 0.04119850187265919
0 0.1575 0.2621722846441948 0.020000000000000018 0.03745318352059926
0 0.1225 0.25842696629213485 0.02500000000000001 0.02996254681647939
