0 0.07125000000000001 0.919921875 0.1075 0.16015625
0 0.195 0.798828125 0.07 0.11328125
0 0.305 0.744140625 0.13 0.23046875
0 0.49625 0.6171875 0.07750000000000001 0.1640625
0 0.3225 0.244140625 0.044999999999999984 0.07421875
0 0.40125 0.115234375 0.03749999999999998 0.05859375
0 0.425 0.25 0.03500000000000003 0.0703125
0 0.5 0.142578125 0.030000000000000027 0.04296875
0 0.59375 0.15625 0.03750000000000009 0.0625
0 0.5662499999999999 0.376953125 0.03749999999999998 0.06640625
0 0.69375 0.564453125 0.10250000000000004 0.16015625
0 0.7575000000000001 0.1953125 0.03500000000000003 0.0546875
1 0.84875 0.345703125 0.03750000000000009 0.05859375
1 0.66625 0.203125 0.03750000000000009 0.0625
1 0.44875 0.458984375 0.04749999999999999 0.07421875
