0 0.4 0.25555555555555554 0.07 0.1288888888888889
0 0.54125 0.3977777777777778 0.057499999999999996 0.1111111111111111
0 0.29125 0.8911111111111112 0.13249999999999998 0.21777777777777774
0 0.53875 0.9355555555555555 0.1225 0.12888888888888894
0 0.84125 0.20444444444444443 0.057499999999999996 0.10666666666666666
0 0.6475 0.1577777777777778 0.06500000000000006 0.10222222222222223
0 0.7275 0.1622222222222222 0.05999999999999994 0.1288888888888889
0 0.515 0.25555555555555554 0.065 0.1288888888888889
0 0.53 0.051111111111111114 0.025000000000000022 0.07555555555555556
0 0.41000000000000003 0.09111111111111111 0.044999999999999984 0.08444444444444443
0 0.27249999999999996 0.035555555555555556 0.02999999999999997 0.06222222222222222
0 0.16 0.09111111111111111 0.044999999999999984 0.07555555555555554
0 0.0525 0.12666666666666668 0.05 0.06666666666666667
0 0.20750000000000002 0.05777777777777778 0.03 0.06222222222222222
0 0.79 0.044444444444444446 0.040000000000000036 0.08
1 0.23125 0.12444444444444444 0.037500000000000006 0.08
