0 0.71625 0.38014981273408244 0.0675 0.10861423220973782
0 0.8875 0.27715355805243447 0.05500000000000005 0.10486891385767788
0 0.64625 0.24719101123595505 0.0625 0.11985018726591756
0 0.39375 0.4307116104868914 0.057499999999999996 0.08239700374531833
0 0.43374999999999997 0.34269662921348315 0.05250000000000005 0.08614232209737827
0 0.0425 0.37265917602996257 0.08 0.22846441947565543
0 0.3325 0.35580524344569286 0.044999999999999984 0.06741573033707865
0 0.27125 0.3258426966292135 0.05249999999999999 0.06741573033707865
0 0.09625 0.3202247191011236 0.037500000000000006 0.0561797752808989
0 0.2 0.31647940074906367 0.04000000000000001 0.048689138576779034
0 0.155 0.2883895131086142 0.020000000000000018 0.03745318352059923
0 0.5137499999999999 0.2846441947565543 0.02749999999999997 0.0449438202247191
