0 0.0325 0.24100719424460432 0.055 0.079136690647482
0 0.08875 0.2787769784172662 0.0325 0.0539568345323741
0 0.2425 0.22841726618705036 0.035 0.061151079136690656
0 0.3075 0.2302158273381295 0.050000000000000044 0.08633093525179858
0 0.34625 0.24100719424460432 0.02749999999999997 0.05035971223021585
0 0.39625 0.2787769784172662 0.03749999999999998 0.0539568345323741
0 0.46875 0.27697841726618705 0.03749999999999998 0.05035971223021585
0 0.56875 0.31654676258992803 0.05249999999999999 0.07194244604316546
0 0.6174999999999999 0.21942446043165467 0.04500000000000004 0.0647482014388489
0 0.71625 0.2392086330935252 0.032500000000000084 0.0539568345323741
0 0.75375 0.23561151079136688 0.04249999999999998 0.06834532374100719
0 0.83125 0.329136690647482 0.04749999999999999 0.06834532374100721
0 0.90625 0.2697841726618705 0.04249999999999998 0.07913669064748202
0 0.425 0.26258992805755393 0.020000000000000018 0.035971223021582704
