0 0.18875 0.29744525547445255 0.05249999999999999 0.07664233576642332
0 0.40375 0.27007299270072993 0.0675 0.1021897810218978
0 0.57375 0.2664233576642336 0.057499999999999996 0.08759124087591241
1 0.7525 0.2664233576642336 0.05500000000000005 0.07299270072992703
1 0.95125 0.29014598540145986 0.05249999999999999 0.06934306569343063
1 0.96625 0.08759124087591241 0.032500000000000084 0.043795620437956206
1 0.63625 0.04197080291970803 0.01750000000000007 0.040145985401459854
1 0.57375 0.05474452554744526 0.012499999999999956 0.029197080291970802
1 0.81875 0.12591240875912407 0.012499999999999956 0.02554744525547445
1 0.745 0.12408759124087591 0.014999999999999902 0.021897810218978103
1 0.7075 0.11678832116788321 0.015000000000000013 0.021897810218978117
0 0.43875 0.10218978102189781 0.017500000000000016 0.029197080291970795
1 0.37 0.12043795620437957 0.015000000000000013 0.021897810218978103
1 0.215 0.10036496350364964 0.015000000000000013 0.02554744525547445
1 0.15375 0.104014598540146 0.017500000000000016 0.032846715328467155
1 0.07 0.09671532846715328 0.015 0.032846715328467155
1 0.015000000000000001 0.09306569343065693 0.02 0.02554744525547445
