0 0.6699999999999999 0.6592465753424658 0.12 0.18835616438356162
0 0.80375 0.559931506849315 0.13249999999999995 0.19520547945205474
0 0.9425 0.45547945205479456 0.06000000000000005 0.10273972602739728
0 0.8287500000000001 0.2585616438356164 0.0675 0.08561643835616436
0 0.93125 0.2226027397260274 0.03249999999999997 0.06849315068493153
0 0.6875 0.3647260273972603 0.08000000000000007 0.113013698630137
0 0.6325000000000001 0.1986301369863014 0.04500000000000004 0.07534246575342465
0 0.56375 0.452054794520548 0.07250000000000001 0.10958904109589046
0 0.36875 0.4571917808219178 0.07250000000000001 0.11986301369863012
0 0.51 0.3647260273972603 0.06000000000000005 0.07876712328767121
0 0.2525 0.4212328767123288 0.05999999999999997 0.07534246575342468
0 0.11875 0.5273972602739726 0.0725 0.11643835616438358
0 0.052500000000000005 0.3818493150684932 0.055 0.07876712328767127
0 0.24125000000000002 0.2243150684931507 0.05750000000000002 0.07191780821917806
0 0.35875 0.17123287671232879 0.05249999999999999 0.07534246575342465
0 0.48 0.2191780821917808 0.02999999999999997 0.0547945205479452
0 0.53375 0.2568493150684931 0.032500000000000084 0.06164383561643835
0 0.14375 0.17465753424657532 0.05749999999999998 0.07534246575342465
