0 0.8474999999999999 0.16853932584269662 0.05500000000000005 0.0898876404494382
0 0.64625 0.20037453183520598 0.04749999999999999 0.07116104868913858
0 0.7124999999999999 0.2958801498127341 0.03500000000000003 0.05992509363295884
0 0.09375 0.21348314606741575 0.04250000000000001 0.07490636704119849
1 0.1975 0.2958801498127341 0.05499999999999999 0.0898876404494382
1 0.02375 0.20411985018726592 0.042499999999999996 0.06367041198501872
1 0.365 0.24906367041198502 0.044999999999999984 0.07116104868913856
1 0.605 0.22097378277153557 0.03500000000000003 0.05992509363295881
1 0.72875 0.15730337078651685 0.04749999999999999 0.06741573033707865
1 0.24 0.2340823970037453 0.035 0.06367041198501872
