0 0.12125 0.6142322097378277 0.0725 0.08239700374531844
0 0.2475 0.5636704119850187 0.060000000000000026 0.07865168539325851
0 0.31375 0.5355805243445693 0.04750000000000004 0.07490636704119846
0 0.38249999999999995 0.8258426966292135 0.07500000000000001 0.101123595505618
0 0.475 0.47378277153558057 0.06499999999999995 0.08614232209737832
0 0.77 0.46441947565543074 0.08000000000000007 0.10486891385767794
0 0.935 0.5355805243445693 0.039999999999999925 0.07490636704119846
0 0.53125 0.3932584269662921 0.03750000000000009 0.07490636704119852
0 0.625 0.35767790262172283 0.02499999999999991 0.06367041198501872
0 0.5625 0.2640449438202247 0.03499999999999992 0.056179775280898875
0 0.46375 0.23220973782771537 0.02749999999999997 0.0449438202247191
0 0.16249999999999998 0.44569288389513106 0.035 0.06741573033707865
0 0.15000000000000002 0.3651685393258427 0.024999999999999994 0.041198501872659166
0 0.35625 0.4213483146067416 0.04249999999999998 0.05617977528089885
0 0.31375 0.26217228464419473 0.02250000000000002 0.04494382022471907
0 0.15250000000000002 0.2546816479400749 0.024999999999999994 0.0449438202247191
0 0.21000000000000002 0.32209737827715357 0.024999999999999994 0.03745318352059923
0 0.09625 0.3445692883895131 0.022499999999999992 0.03745318352059923
0 0.0775 0.28464419475655434 0.01999999999999999 0.02996254681647942
0 0.22499999999999998 0.21722846441947566 0.01999999999999999 0.02996254681647942
