0 0.39 0.26590909090909093 0.065 0.13181818181818183
0 0.4575 0.2318181818181818 0.06 0.1272727272727273
0 0.655 0.16136363636363635 0.06000000000000005 0.09545454545454544
0 0.6737500000000001 0.28409090909090906 0.0675 0.12272727272727274
0 0.6950000000000001 0.5931818181818181 0.07999999999999996 0.13181818181818183
0 0.7625 0.2409090909090909 0.05500000000000005 0.09090909090909091
0 0.855 0.2159090909090909 0.040000000000000036 0.08636363636363636
0 0.8187500000000001 0.22045454545454546 0.03749999999999998 0.07727272727272727
0 0.95 0.24545454545454545 0.029999999999999916 0.06363636363636366
0 0.24 0.13636363636363635 0.06500000000000003 0.17272727272727273
