0 0.030000000000000002 0.27751196172248804 0.04 0.07655502392344496
0 0.14 0.2894736842105263 0.035 0.07177033492822965
0 0.23125 0.29904306220095694 0.037500000000000006 0.0717703349282297
0 0.27875 0.2057416267942584 0.03249999999999997 0.07655502392344496
0 0.33499999999999996 0.24641148325358853 0.034999999999999976 0.0813397129186603
0 0.44125000000000003 0.2751196172248804 0.03750000000000003 0.08133971291866027
0 0.5675 0.26315789473684215 0.03499999999999992 0.07655502392344499
0 0.65375 0.31100478468899523 0.032500000000000084 0.06698564593301437
0 0.745 0.3038277511961722 0.03499999999999992 0.07177033492822965
0 0.83875 0.35406698564593303 0.04249999999999998 0.06698564593301437
0 0.9550000000000001 0.3181818181818182 0.04500000000000004 0.08133971291866027
