0 0.045 0.3202247191011236 0.06 0.08614232209737827
0 0.052500000000000005 0.4662921348314607 0.065 0.08614232209737832
0 0.1575 0.3764044943820225 0.085 0.15355805243445692
0 0.25 0.39700374531835203 0.05000000000000002 0.08239700374531839
0 0.50875 0.18352059925093633 0.07250000000000006 0.11985018726591762
0 0.8275 0.32771535580524347 0.10499999999999998 0.16853932584269662
0 0.91125 0.45318352059925093 0.0475000000000001 0.08239700374531833
0 0.70625 0.45131086142322097 0.05249999999999999 0.06367041198501872
0 0.7625 0.4363295880149813 0.03500000000000003 0.0561797752808989
0 0.255 0.30524344569288386 0.05000000000000002 0.07116104868913858
0 0.9312499999999999 0.37265917602996257 0.03749999999999998 0.05617977528089885
0 0.9475 0.4812734082397004 0.030000000000000027 0.06367041198501877
0 0.55875 0.2546816479400749 0.03249999999999997 0.0898876404494382
