0 0.042499999999999996 0.8816326530612245 0.065 0.11428571428571432
0 0.1275 0.7857142857142857 0.065 0.11020408163265305
1 0.09625 0.47959183673469385 0.042499999999999996 0.06938775510204076
0 0.08499999999999999 0.35510204081632657 0.039999999999999994 0.08979591836734696
0 0.0275 0.3224489795918367 0.034999999999999996 0.07346938775510203
1 0.0825 0.04897959183673469 0.049999999999999996 0.08163265306122448
0 0.29875 0.07755102040816327 0.05249999999999999 0.0816326530612245
0 0.26 0.27142857142857146 0.054999999999999966 0.06938775510204082
0 0.265 0.49795918367346936 0.044999999999999984 0.0897959183673469
0 0.375 0.926530612244898 0.06999999999999995 0.10612244897959178
0 0.51875 0.7469387755102042 0.06250000000000006 0.08163265306122447
0 0.56625 0.8265306122448979 0.07250000000000001 0.10204081632653061
0 0.49874999999999997 0.4306122448979592 0.057499999999999996 0.09387755102040818
0 0.48375 0.2795918367346939 0.0625 0.08571428571428569
0 0.49125 0.1510204081632653 0.057499999999999996 0.07346938775510205
0 0.6412500000000001 0.49387755102040815 0.04749999999999999 0.08163265306122447
0 0.66125 0.27346938775510204 0.05249999999999999 0.08979591836734693
0 0.7462500000000001 0.2714285714285714 0.057499999999999996 0.09387755102040815
0 0.9325 0.6448979591836734 0.07000000000000006 0.07346938775510203
0 0.8925000000000001 0.3469387755102041 0.05999999999999994 0.08163265306122447
0 0.8225 0.20408163265306123 0.04499999999999993 0.07346938775510203
0 0.8200000000000001 0.09183673469387754 0.04500000000000004 0.061224489795918366
