0 0.845 0.44756554307116103 0.10999999999999999 0.10861423220973782
0 0.68125 0.3464419475655431 0.07250000000000001 0.13108614232209737
0 0.61625 0.33520599250936334 0.07250000000000001 0.11610486891385768
0 0.5449999999999999 0.2940074906367041 0.06999999999999995 0.10861423220973784
0 0.43875 0.299625468164794 0.0625 0.10486891385767794
0 0.39749999999999996 0.28277153558052437 0.034999999999999976 0.10112359550561795
0 0.3625 0.2940074906367041 0.03500000000000003 0.08614232209737827
0 0.3075 0.20599250936329588 0.05499999999999999 0.0898876404494382
0 0.26249999999999996 0.250936329588015 0.05499999999999999 0.08239700374531833
0 0.12125 0.26779026217228463 0.032500000000000015 0.056179775280898875
0 0.02625 0.23595505617977527 0.0375 0.06741573033707865
