0 0.055 0.13333333333333333 0.06999999999999999 0.13333333333333336
0 0.17375000000000002 0.15333333333333332 0.08249999999999999 0.13777777777777778
0 0.19124999999999998 0.4177777777777778 0.0875 0.15111111111111114
0 0.10625 0.7577777777777778 0.07749999999999999 0.13777777777777778
0 0.3175 0.46444444444444444 0.08499999999999996 0.1644444444444444
0 0.29875 0.8155555555555556 0.07750000000000001 0.12
0 0.51875 0.6177777777777778 0.08750000000000002 0.1777777777777778
0 0.5325 0.9044444444444444 0.08000000000000002 0.1644444444444445
0 0.6012500000000001 0.5711111111111111 0.07750000000000001 0.14666666666666672
0 0.7362500000000001 0.78 0.07750000000000001 0.1644444444444444
0 0.8474999999999999 0.32222222222222224 0.07999999999999996 0.15555555555555559
0 0.97125 0.18444444444444444 0.057499999999999996 0.12
0 0.9675 0.42666666666666664 0.06499999999999995 0.15111111111111114
0 0.83875 0.6266666666666667 0.0774999999999999 0.16000000000000003
0 0.94625 0.7133333333333334 0.09250000000000003 0.1644444444444445
0 0.8162499999999999 0.9244444444444444 0.08750000000000002 0.15111111111111108
