1 0.03875 0.23220973782771537 0.042499999999999996 0.07490636704119849
0 0.09875 0.28464419475655434 0.0675 0.13483146067415733
0 0.15999999999999998 0.27902621722846443 0.03 0.041198501872659166
0 0.30500000000000005 0.23595505617977527 0.05499999999999999 0.09737827715355801
0 0.35250000000000004 0.27153558052434457 0.034999999999999976 0.07116104868913856
0 0.53375 0.2940074906367041 0.03749999999999998 0.07116104868913853
1 0.58375 0.24719101123595505 0.03750000000000009 0.07490636704119846
0 0.62875 0.31835205992509363 0.04249999999999998 0.07490636704119846
0 0.79375 0.3445692883895131 0.05249999999999999 0.0898876404494382
1 0.40125 0.3595505617977528 0.02749999999999997 0.03745318352059923
0 0.9475 0.23220973782771537 0.020000000000000018 0.02996254681647939
0 0.7075 0.23970037453183518 0.025000000000000022 0.04494382022471907
