0 0.08499999999999999 0.2676991150442478 0.05 0.09292035398230086
0 0.16999999999999998 0.3230088495575221 0.04500000000000001 0.08849557522123896
0 0.35125 0.2986725663716814 0.057499999999999996 0.10176991150442477
0 0.40625 0.2831858407079646 0.04249999999999998 0.08849557522123894
0 0.4525 0.5132743362831859 0.05499999999999999 0.10619469026548672
0 0.48 0.2743362831858407 0.02999999999999997 0.06194690265486724
0 0.52875 0.26327433628318586 0.02749999999999997 0.08407079646017696
0 0.56125 0.27654867256637167 0.04249999999999998 0.09292035398230089
0 0.61375 0.30973451327433627 0.03749999999999998 0.07964601769911506
0 0.65125 0.34734513274336287 0.04249999999999998 0.09292035398230086
0 0.7150000000000001 0.36946902654867253 0.05500000000000005 0.11061946902654868
0 0.7675000000000001 0.25442477876106195 0.03500000000000003 0.0752212389380531
1 0.80875 0.2588495575221239 0.04249999999999998 0.057522123893805316
0 0.8825000000000001 0.23230088495575218 0.04500000000000004 0.08407079646017698
0 0.94 0.25442477876106195 0.04999999999999993 0.09292035398230092
0 0.36875 0.23230088495575224 0.03750000000000003 0.06637168141592922
0 0.30125 0.23008849557522126 0.03750000000000003 0.06194690265486727
