1 0.045 0.7228464419475655 0.019999999999999997 0.059925093632958726
0 0.09875 0.7322097378277154 0.042499999999999996 0.07116104868913853
0 0.17625000000000002 0.7003745318352059 0.017499999999999988 0.0449438202247191
0 0.26249999999999996 0.7565543071161049 0.03999999999999998 0.05992509363295884
1 0.3275 0.5692883895131087 0.025000000000000022 0.0449438202247191
0 0.355 0.5861423220973783 0.034999999999999976 0.048689138576779034
1 0.37124999999999997 0.6666666666666667 0.03250000000000003 0.05243445692883897
0 0.32375 0.702247191011236 0.03750000000000003 0.048689138576779034
0 0.41625 0.6779026217228464 0.03749999999999998 0.059925093632958726
0 0.4575 0.6273408239700374 0.034999999999999976 0.06367041198501866
0 0.55 0.595505617977528 0.029999999999999916 0.0449438202247191
0 0.505 0.702247191011236 0.040000000000000036 0.06367041198501877
0 0.52875 0.7752808988764045 0.04250000000000009 0.07490636704119846
0 0.6012500000000001 0.5842696629213483 0.03749999999999998 0.059925093632958726
1 0.5762499999999999 0.9644194756554307 0.04749999999999999 0.07116104868913853
0 0.5687500000000001 0.48689138576779023 0.02749999999999997 0.03745318352059929
0 0.5137499999999999 0.45131086142322097 0.022500000000000075 0.041198501872659166
0 0.6174999999999999 0.49250936329588013 0.025000000000000022 0.04119850187265922
0 0.73 0.4157303370786517 0.025000000000000022 0.03745318352059923
0 0.7887500000000001 0.4269662921348315 0.01749999999999996 0.02996254681647942
0 0.9075 0.5037453183520599 0.025000000000000022 0.03370786516853935
