0 0.0575 0.6293375394321766 0.085 0.18611987381703465
0 0.30583333333333335 0.33753943217665616 0.06166666666666665 0.10725552050473186
0 0.3491666666666667 0.6861198738170347 0.11499999999999999 0.26813880126182965
0 0.5525 0.501577287066246 0.09499999999999997 0.2018927444794953
0 0.6558333333333334 0.2539432176656152 0.04833333333333334 0.11041009463722398
0 0.7533333333333334 0.2618296529968454 0.06333333333333335 0.138801261829653
0 0.8441666666666667 0.33280757097791797 0.09833333333333327 0.17350157728706625
0 0.9675 0.16403785488958988 0.03833333333333333 0.0946372239747634
0 0.67 0.7113564668769716 0.1166666666666667 0.21135646687697163
1 0.39083333333333337 0.21766561514195584 0.044999999999999984 0.07570977917981075
