0 0.05125 0.27586206896551724 0.0475 0.06896551724137931
0 0.1875 0.25287356321839083 0.03999999999999998 0.06130268199233718
0 0.26749999999999996 0.25862068965517243 0.034999999999999976 0.06513409961685826
0 0.41000000000000003 0.24329501915708812 0.03999999999999998 0.06513409961685823
0 0.45499999999999996 0.23371647509578541 0.02999999999999997 0.053639846743295
0 0.49 0.22988505747126436 0.030000000000000027 0.061302681992337155
0 0.5237499999999999 0.1724137931034483 0.032500000000000084 0.038314176245210746
0 0.5137499999999999 0.2835249042145594 0.03749999999999998 0.06130268199233713
0 0.5787500000000001 0.3544061302681992 0.057499999999999996 0.08812260536398464
1 0.675 0.21264367816091953 0.04500000000000004 0.07279693486590039
0 0.6950000000000001 0.37547892720306514 0.05999999999999994 0.10727969348659006
0 0.81125 0.18773946360153257 0.03749999999999998 0.06130268199233718
0 0.80375 0.3486590038314176 0.05249999999999999 0.06896551724137934
0 0.9199999999999999 0.4559386973180076 0.07999999999999996 0.13793103448275862
1 0.8674999999999999 0.4252873563218391 0.03500000000000003 0.07662835249042149
