0 0.08375 0.2234513274336283 0.0525 0.09292035398230086
0 0.16875 0.2809734513274336 0.04250000000000001 0.08407079646017698
0 0.3 0.18584070796460178 0.030000000000000027 0.06194690265486727
0 0.35250000000000004 0.26106194690265483 0.05499999999999999 0.10619469026548672
0 0.3675 0.18584070796460178 0.03500000000000003 0.06194690265486727
0 0.4075 0.23672566371681414 0.03999999999999998 0.08407079646017698
0 0.44999999999999996 0.47123893805309736 0.05499999999999999 0.09292035398230092
0 0.47750000000000004 0.23008849557522126 0.02999999999999997 0.06194690265486727
0 0.53 0.22345132743362833 0.030000000000000027 0.0752212389380531
0 0.56375 0.23451327433628316 0.04249999999999998 0.08849557522123894
0 0.61375 0.26548672566371684 0.03749999999999998 0.07079646017699118
0 0.65375 0.30530973451327437 0.04749999999999999 0.08849557522123891
0 0.7125 0.3230088495575221 0.05499999999999994 0.09734513274336287
0 0.765 0.21238938053097345 0.040000000000000036 0.07964601769911506
1 0.8087500000000001 0.21460176991150443 0.03749999999999998 0.05752212389380529
0 0.88375 0.19026548672566373 0.04249999999999998 0.08849557522123894
0 0.94125 0.21460176991150443 0.04249999999999998 0.09292035398230089
0 0.84125 0.21238938053097345 0.022500000000000075 0.05309734513274336
