0 0.12 0.6161048689138576 0.06999999999999999 0.08614232209737827
0 0.24875000000000003 0.5636704119850188 0.05750000000000002 0.09363295880149813
0 0.38375 0.8258426966292135 0.07250000000000001 0.101123595505618
0 0.31375 0.5411985018726592 0.04750000000000004 0.07116104868913853
0 0.35875 0.41947565543071164 0.04249999999999998 0.06741573033707865
0 0.16249999999999998 0.44194756554307113 0.035 0.06741573033707865
0 0.15125 0.36329588014981273 0.022499999999999992 0.0449438202247191
0 0.21125 0.32209737827715357 0.022499999999999992 0.03745318352059923
0 0.47250000000000003 0.47565543071161054 0.065 0.08988764044943826
0 0.5325 0.39513108614232206 0.040000000000000036 0.07116104868913858
0 0.76875 0.4662921348314607 0.08250000000000002 0.10861423220973787
0 0.9337500000000001 0.5337078651685393 0.03749999999999998 0.08614232209737827
0 0.62625 0.3595505617977528 0.022499999999999964 0.06741573033707865
0 0.56 0.26217228464419473 0.03500000000000003 0.05992509363295878
0 0.46499999999999997 0.23220973782771537 0.02999999999999997 0.0449438202247191
0 0.31375 0.26029962546816476 0.02250000000000002 0.048689138576779006
0 0.095 0.3408239700374532 0.01999999999999999 0.05992509363295884
0 0.07500000000000001 0.2846441947565543 0.020000000000000004 0.0449438202247191
0 0.15250000000000002 0.250936329588015 0.03 0.05243445692883897
0 0.22749999999999998 0.21535580524344572 0.01999999999999999 0.033707865168539325
