0 0.2 0.08222222222222222 0.009999999999999981 0.022222222222222227
0 0.21875 0.08444444444444445 0.012500000000000011 0.026666666666666672
0 0.2575 0.07555555555555556 0.015000000000000013 0.026666666666666672
0 0.325 0.05777777777777778 0.025000000000000022 0.06222222222222222
0 0.30374999999999996 0.14666666666666667 0.03250000000000003 0.03555555555555556
0 0.15125 0.09777777777777777 0.027499999999999997 0.06222222222222222
0 0.45375 0.12 0.017500000000000016 0.06222222222222222
0 0.505 0.13555555555555557 0.040000000000000036 0.08444444444444445
0 0.595 0.2 0.015000000000000013 0.026666666666666672
0 0.6975 0.12666666666666668 0.040000000000000036 0.07555555555555556
0 0.8775 0.1488888888888889 0.03500000000000003 0.09333333333333334
