0 0.065 0.24 0.11499999999999999 0.2222222222222222
0 0.34125 0.38 0.07750000000000001 0.15555555555555556
0 0.4275 0.2222222222222222 0.03500000000000003 0.08888888888888888
0 0.52125 0.24222222222222223 0.06750000000000006 0.13777777777777778
0 0.8987499999999999 0.26666666666666666 0.03749999999999998 0.07111111111111112
1 0.96375 0.2777777777777778 0.03249999999999997 0.07555555555555554
1 0.78375 0.24666666666666665 0.04250000000000009 0.0844444444444444
1 0.72125 0.2377777777777778 0.03749999999999998 0.08444444444444446
1 0.64375 0.24222222222222223 0.04249999999999998 0.11111111111111108
1 0.215 0.2577777777777778 0.05499999999999999 0.09777777777777774
1 0.1575 0.2511111111111111 0.025000000000000022 0.0488888888888889
