0 0.0830078125 0.2338235294117647 0.087890625 0.15000000000000002
0 0.16796875 0.3911764705882353 0.140625 0.19999999999999996
0 0.4033203125 0.3647058823529412 0.072265625 0.10000000000000003
0 0.4375 0.21470588235294116 0.06640625 0.08235294117647057
0 0.458984375 0.29264705882352937 0.05859375 0.10882352941176471
0 0.5341796875 0.2661764705882353 0.115234375 0.16176470588235292
0 0.6787109375 0.2647058823529412 0.068359375 0.1
1 0.6484375 0.1264705882352941 0.046875 0.07058823529411766
1 0.740234375 0.20441176470588235 0.046875 0.0735294117647059
0 0.8125 0.27647058823529413 0.0703125 0.11764705882352938
0 0.8876953125 0.44411764705882356 0.111328125 0.15294117647058825
0 0.88671875 0.2426470588235294 0.0546875 0.07941176470588235
0 0.8603515625 0.12205882352941176 0.052734375 0.07352941176470587
