1 0.1275 0.2119047619047619 0.02500000000000001 0.05238095238095236
1 0.26625 0.26904761904761904 0.027500000000000024 0.06190476190476191
1 0.49874999999999997 0.20238095238095238 0.02749999999999997 0.08095238095238094
1 0.59125 0.15476190476190477 0.032500000000000084 0.08095238095238096
1 0.6525000000000001 0.2857142857142857 0.04500000000000004 0.08571428571428572
1 0.75125 0.21428571428571427 0.02749999999999997 0.047619047619047616
1 0.71625 0.22380952380952382 0.022500000000000075 0.047619047619047616
1 0.6812499999999999 0.23095238095238096 0.02749999999999997 0.06190476190476191
1 0.6599999999999999 0.1761904761904762 0.025000000000000022 0.047619047619047616
1 0.85875 0.18333333333333335 0.03249999999999997 0.07142857142857142
