0 0.057499999999999996 0.22659176029962547 0.07 0.08614232209737827
0 0.19 0.20973782771535582 0.065 0.09737827715355807
0 0.315 0.20411985018726592 0.06999999999999995 0.101123595505618
0 0.40625 0.2397003745318352 0.0625 0.06741573033707865
0 0.45875 0.24531835205992508 0.0625 0.10112359550561797
0 0.70625 0.22097378277153557 0.0625 0.14232209737827714
0 0.84625 0.2865168539325843 0.0724999999999999 0.1310861423220974
0 0.89625 0.552434456928839 0.07750000000000001 0.14606741573033705
0 0.80875 0.6367041198501873 0.08250000000000002 0.1123595505617978
0 0.61125 0.6142322097378277 0.07250000000000001 0.11985018726591756
0 0.5237499999999999 0.5056179775280899 0.0675 0.1423220973782771
0 0.35 0.5955056179775281 0.09000000000000002 0.1123595505617978
0 0.14125 0.5056179775280899 0.0725 0.12734082397003738
