0 0.13625 0.46238938053097345 0.1075 0.1991150442477876
0 0.18375 0.3584070796460177 0.07250000000000001 0.1504424778761062
0 0.11375 0.2234513274336283 0.047500000000000014 0.09292035398230086
0 0.32875 0.44690265486725667 0.15250000000000002 0.27433628318584075
0 0.1975 0.17256637168141592 0.05000000000000002 0.08849557522123894
0 0.61 0.4823008849557522 0.10499999999999998 0.15929203539823006
0 0.635 0.17699115044247787 0.07000000000000006 0.10619469026548672
0 0.755 0.3230088495575221 0.08000000000000007 0.1504424778761062
0 0.96 0.22345132743362833 0.06999999999999995 0.12831858407079647
0 0.02125 0.25442477876106195 0.0375 0.11061946902654865
