1 0.13874999999999998 0.17555555555555555 0.06749999999999999 0.1111111111111111
1 0.345 0.05555555555555556 0.02999999999999997 0.06666666666666667
1 0.495 0.07555555555555556 0.034999999999999976 0.0711111111111111
0 0.53625 0.11777777777777779 0.05249999999999999 0.11111111111111112
1 0.385 0.19777777777777777 0.06 0.09333333333333332
0 0.36375 0.3533333333333334 0.07750000000000001 0.14666666666666667
1 0.20125 0.3688888888888889 0.0625 0.07111111111111112
1 0.62875 0.22222222222222224 0.04249999999999998 0.08000000000000002
0 0.6725 0.2577777777777778 0.06499999999999995 0.12444444444444444
0 0.865 0.2688888888888889 0.09499999999999997 0.17333333333333334
0 0.71625 0.6977777777777778 0.11750000000000005 0.2222222222222222
