0 0.84875 0.17228464419475656 0.0625 0.09737827715355807
0 0.0925 0.20973782771535582 0.04999999999999999 0.06741573033707865
0 0.64625 0.19850187265917602 0.04749999999999999 0.07490636704119849
0 0.7112499999999999 0.299625468164794 0.032500000000000084 0.05243445692883897
1 0.025 0.20411985018726592 0.045 0.07116104868913858
1 0.1975 0.29775280898876405 0.05499999999999999 0.08614232209737827
1 0.23625000000000002 0.23595505617977527 0.037500000000000006 0.05992509363295878
1 0.365 0.24719101123595505 0.044999999999999984 0.05992509363295881
1 0.60375 0.21910112359550563 0.04249999999999998 0.06367041198501872
1 0.7262500000000001 0.15730337078651685 0.04749999999999999 0.06741573033707865
