0 0.02375 0.25 0.0325 0.0663716814159292
0 0.135 0.11283185840707964 0.06000000000000001 0.12831858407079647
0 0.26125 0.3274336283185841 0.02250000000000002 0.07079646017699115
0 0.40875 0.15265486725663718 0.03249999999999997 0.09292035398230089
0 0.5175000000000001 0.17035398230088494 0.025000000000000022 0.08407079646017698
0 0.50625 0.23230088495575224 0.027500000000000024 0.06637168141592922
0 0.6575 0.23008849557522126 0.03500000000000003 0.07079646017699118
0 0.70625 0.23893805309734512 0.032500000000000084 0.07079646017699112
0 0.77125 0.3008849557522124 0.01750000000000007 0.04424778761061948
0 0.8187500000000001 0.24778761061946902 0.03749999999999998 0.07079646017699115
0 0.8925 0.2743362831858407 0.030000000000000027 0.06194690265486724
0 0.9275 0.27654867256637167 0.02499999999999991 0.0663716814159292
