0 0.13 0.050359712230215826 0.015000000000000013 0.021582733812949645
0 0.09 0.2014388489208633 0.020000000000000004 0.028776978417266175
1 0.14125 0.29136690647482016 0.022499999999999992 0.03597122302158273
0 0.13124999999999998 0.3723021582733813 0.027499999999999997 0.03956834532374104
0 0.17875000000000002 0.3794964028776978 0.017499999999999988 0.03956834532374104
0 0.017499999999999998 0.48381294964028776 0.024999999999999998 0.03956834532374098
0 0.07250000000000001 0.4658273381294964 0.02500000000000001 0.03237410071942448
0 0.1325 0.47661870503597126 0.03 0.03956834532374104
1 0.11375 0.5737410071942446 0.027499999999999997 0.03956834532374098
0 0.07625 0.7068345323741008 0.027499999999999997 0.03237410071942437
1 0.16125 0.6348920863309353 0.022499999999999992 0.039568345323741094
0 0.36375 0.019784172661870505 0.017500000000000016 0.025179856115107913
0 0.35375 0.059352517985611516 0.022499999999999964 0.03237410071942446
0 0.3175 0.09532374100719423 0.015000000000000013 0.02517985611510791
0 0.3025 0.1223021582733813 0.015000000000000013 0.028776978417266202
0 0.2675 0.1510791366906475 0.020000000000000018 0.028776978417266175
0 0.24625 0.24100719424460432 0.017500000000000016 0.021582733812949617
1 0.21375 0.2517985611510791 0.017500000000000016 0.021582733812949617
0 0.22375 0.28597122302158273 0.017500000000000016 0.025179856115107868
1 0.2675 0.2913669064748201 0.020000000000000018 0.028776978417266175
0 0.265 0.4046762589928058 0.020000000000000018 0.032374100719424426
1 0.28625 0.4532374100719424 0.01749999999999996 0.028776978417266175
0 0.2625 0.6151079136690647 0.030000000000000027 0.043165467625899345
0 0.32625000000000004 0.7805755395683454 0.03250000000000003 0.05035971223021585
0 0.24625000000000002 0.9514388489208634 0.037500000000000006 0.0539568345323741
0 0.455 0.019784172661870505 0.010000000000000009 0.017985611510791366
0 0.42 0.05935251798561151 0.015000000000000013 0.02517985611510791
0 0.39375000000000004 0.07194244604316546 0.017500000000000016 0.021582733812949638
1 0.40375 0.12050359712230216 0.012499999999999956 0.025179856115107924
0 0.4325 0.10971223021582734 0.020000000000000018 0.03237410071942445
0 0.32625000000000004 0.210431654676259 0.017500000000000016 0.025179856115107924
0 0.39875 0.20863309352517986 0.01749999999999996 0.028776978417266175
1 0.34750000000000003 0.24280575539568344 0.019999999999999962 0.03237410071942445
1 0.30125 0.27338129496402874 0.017500000000000016 0.028776978417266175
0 0.36875 0.29676258992805754 0.02250000000000002 0.03237410071942448
0 0.34375 0.3723021582733813 0.022499999999999964 0.025179856115107924
0 0.455 0.329136690647482 0.020000000000000018 0.03237410071942448
0 0.4225 0.37410071942446044 0.025000000000000022 0.02877697841726623
0 0.3575 0.46402877697841727 0.020000000000000018 0.03597122302158273
0 0.43374999999999997 0.4352517985611511 0.02250000000000002 0.03597122302158273
0 0.3775 0.6258992805755396 0.025000000000000022 0.043165467625899234
0 0.3825 0.7014388489208633 0.025000000000000022 0.043165467625899234
0 0.41125 0.7140287769784173 0.02749999999999997 0.046762589928057485
0 0.41375 0.9406474820143884 0.03749999999999998 0.0539568345323741
0 0.46375 0.7949640287769785 0.01749999999999996 0.03597122302158273
0 0.47125 0.591726618705036 0.02749999999999997 0.03956834532374098
0 0.45625 0.5503597122302158 0.02749999999999997 0.02877697841726623
0 0.47875 0.07194244604316546 0.012500000000000011 0.021582733812949638
0 0.54625 0.03597122302158273 0.012499999999999956 0.02158273381294964
0 0.51125 0.08093525179856115 0.012499999999999956 0.010791366906474822
0 0.54125 0.10971223021582735 0.01750000000000007 0.02517985611510791
0 0.575 0.06654676258992806 0.015000000000000013 0.02517985611510791
0 0.49874999999999997 0.14388489208633093 0.01749999999999996 0.028776978417266175
0 0.535 0.20323741007194246 0.010000000000000009 0.017985611510791366
0 0.50875 0.24280575539568347 0.02250000000000002 0.025179856115107924
0 0.5625 0.302158273381295 0.020000000000000018 0.028776978417266175
0 0.4875 0.3669064748201439 0.020000000000000018 0.03597122302158273
0 0.5575 0.3525179856115108 0.020000000000000018 0.028776978417266175
0 0.5387500000000001 0.3794964028776978 0.022500000000000075 0.03956834532374104
0 0.49749999999999994 0.4586330935251799 0.019999999999999962 0.032374100719424426
0 0.63 0.012589928057553958 0.014999999999999902 0.017985611510791366
0 0.6425000000000001 0.09172661870503597 0.015000000000000013 0.025179856115107924
0 0.66875 0.07194244604316546 0.012500000000000067 0.021582733812949638
0 0.695 0.08992805755395683 0.010000000000000009 0.021582733812949645
0 0.7050000000000001 0.09532374100719423 0.015000000000000013 0.02517985611510791
1 0.67875 0.14028776978417268 0.012500000000000067 0.021582733812949645
0 0.7375 0.11151079136690648 0.015000000000000013 0.028776978417266175
1 0.74 0.14568345323741005 0.015000000000000013 0.025179856115107896
0 0.7112499999999999 0.2068345323741007 0.01749999999999996 0.025179856115107896
1 0.64625 0.1726618705035971 0.01750000000000007 0.021582733812949645
0 0.6375 0.30035971223021585 0.020000000000000018 0.025179856115107924
0 0.60625 0.3974820143884892 0.022500000000000075 0.032374100719424426
0 0.6725 0.38848920863309355 0.020000000000000018 0.028776978417266175
0 0.59875 0.5269784172661871 0.02750000000000008 0.03237410071942437
0 0.60625 0.764388489208633 0.032500000000000084 0.046762589928057596
0 0.55 0.8741007194244604 0.03500000000000003 0.050359712230215736
0 0.6487499999999999 0.8327338129496402 0.032500000000000084 0.046762589928057596
0 0.76875 0.014388489208633094 0.01749999999999996 0.021582733812949638
0 0.8225 0.07913669064748202 0.015000000000000013 0.02877697841726619
1 0.84125 0.09352517985611511 0.012500000000000067 0.021582733812949645
0 0.82375 0.14568345323741005 0.012499999999999956 0.025179856115107896
0 0.82875 0.17446043165467626 0.01750000000000007 0.025179856115107924
0 0.7775 0.24280575539568344 0.020000000000000018 0.03237410071942445
0 0.82125 0.3093525179856115 0.01749999999999996 0.028776978417266175
0 0.69875 0.42805755395683454 0.022499999999999964 0.03597122302158273
0 0.73375 0.4046762589928058 0.022499999999999964 0.032374100719424426
0 0.72 0.4658273381294964 0.025000000000000022 0.03237410071942448
0 0.72875 0.5413669064748201 0.022499999999999964 0.03956834532374098
0 0.7012499999999999 0.5575539568345323 0.02749999999999997 0.043165467625899234
0 0.76 0.9190647482014389 0.03499999999999992 0.0539568345323741
0 0.905 0.9802158273381295 0.040000000000000036 0.03956834532374098
0 0.96875 0.9856115107913669 0.03750000000000009 0.02877697841726623
0 0.91125 0.8093525179856116 0.03249999999999997 0.043165467625899345
0 0.9437500000000001 0.7877697841726619 0.02749999999999997 0.05035971223021585
0 0.94625 0.6079136690647482 0.02749999999999997 0.043165467625899234
0 0.94625 0.5377697841726619 0.02749999999999997 0.03956834532374098
0 0.9975 0.4928057553956835 0.009999999999999898 0.03597122302158279
0 0.9 0.4802158273381295 0.020000000000000018 0.017985611510791366
0 0.91625 0.43884892086330934 0.022499999999999964 0.03597122302158273
0 0.88375 0.3776978417266187 0.022499999999999964 0.03597122302158273
0 0.9275 0.3237410071942446 0.020000000000000018 0.03597122302158273
0 0.87375 0.3255395683453237 0.022499999999999964 0.032374100719424426
0 0.85375 0.28597122302158273 0.01750000000000007 0.03237410071942448
0 0.91125 0.27697841726618705 0.012499999999999956 0.021582733812949617
0 0.8575 0.22661870503597123 0.020000000000000018 0.028776978417266175
0 0.8725 0.17086330935251798 0.015000000000000013 0.025179856115107924
0 0.96375 0.1852517985611511 0.012499999999999956 0.025179856115107896
0 0.9850000000000001 0.10971223021582735 0.015000000000000013 0.02517985611510791
0 0.8975 0.07553956834532374 0.015000000000000013 0.021582733812949645
0 0.87125 0.044964028776978415 0.012499999999999956 0.025179856115107917
0 0.9325 0.05575539568345324 0.014999999999999902 0.017985611510791366
1 0.96 0.03237410071942446 0.010000000000000009 0.02158273381294964
1 0.99625 0.0737410071942446 0.012499999999999956 0.017985611510791366
