1 0.0225 0.21666666666666667 0.035 0.06
1 0.06875 0.18833333333333332 0.0475 0.07
1 0.13125 0.18 0.03249999999999999 0.053333333333333344
1 0.13624999999999998 0.23666666666666666 0.022499999999999992 0.0733333333333333
1 0.06375 0.3933333333333333 0.0325 0.06
0 0.09375 0.515 0.057499999999999996 0.09666666666666668
1 0.28500000000000003 0.9550000000000001 0.08500000000000002 0.08999999999999997
1 0.28500000000000003 0.04833333333333333 0.02999999999999997 0.05
1 0.2975 0.165 0.03999999999999998 0.07
1 0.34875 0.20666666666666667 0.03249999999999997 0.07333333333333333
1 0.3825 0.21999999999999997 0.030000000000000027 0.07333333333333333
1 0.26375 0.38 0.04249999999999998 0.06666666666666665
0 0.33375 0.5383333333333333 0.04749999999999999 0.09000000000000002
0 0.41625 0.5333333333333333 0.04249999999999998 0.08666666666666667
1 0.49875 0.20833333333333331 0.03250000000000003 0.05666666666666667
1 0.53375 0.21 0.02749999999999997 0.06
0 0.5875 0.26166666666666666 0.030000000000000027 0.09666666666666665
1 0.675 0.13166666666666665 0.04500000000000004 0.09
1 0.7575000000000001 0.16166666666666668 0.03500000000000003 0.06333333333333332
0 0.88625 0.15833333333333333 0.05249999999999999 0.09000000000000001
0 0.8725 0.31333333333333335 0.04999999999999993 0.11333333333333334
1 0.2875 0.05333333333333333 0.034999999999999976 0.04
