1 0.2375 0.12075471698113208 0.06500000000000003 0.0830188679245283
0 0.35750000000000004 0.20943396226415095 0.044999999999999984 0.08679245283018869
0 0.41500000000000004 0.34716981132075475 0.08000000000000002 0.12830188679245286
0 0.25875 0.7528301886792452 0.2075 0.3056603773584906
0 0.5625 0.6886792452830188 0.195 0.3056603773584906
0 0.6212500000000001 0.4018867924528302 0.09750000000000003 0.16226415094339625
0 0.5 0.2528301886792453 0.07 0.1132075471698113
1 0.83375 0.24150943396226415 0.08250000000000002 0.12830188679245283
0 0.9475 0.14339622641509434 0.09000000000000008 0.11320754716981134
0 0.96 0.29056603773584905 0.07999999999999996 0.1433962264150943
0 0.79125 0.5566037735849056 0.11250000000000004 0.18490566037735845
