1 0.10250000000000001 0.2596899224806202 0.065 0.10852713178294573
0 0.23625000000000002 0.2131782945736434 0.04250000000000001 0.0697674418604651
0 0.27375 0.21511627906976744 0.03249999999999997 0.05038759689922481
0 0.3425 0.1937984496124031 0.034999999999999976 0.06201550387596899
0 0.21375 0.41279069767441856 0.0675 0.1046511627906977
0 0.31375 0.5310077519379846 0.09749999999999998 0.16279069767441856
0 0.3925 0.20930232558139533 0.025000000000000022 0.046511627906976744
0 0.41625 0.2441860465116279 0.03249999999999997 0.054263565891472854
0 0.48375 0.3003875968992248 0.04749999999999993 0.1046511627906977
0 0.54875 0.2189922480620155 0.03249999999999997 0.0736434108527132
0 0.6737500000000001 0.436046511627907 0.08750000000000002 0.1356589147286822
0 0.8812500000000001 0.8662790697674418 0.16249999999999998 0.2441860465116279
0 0.77125 0.28488372093023256 0.057499999999999996 0.08914728682170539
