0 0.0975 0.752212389380531 0.16999999999999998 0.3185840707964601
0 0.26375 0.6172566371681416 0.10250000000000001 0.19026548672566368
1 0.3025 0.38053097345132747 0.065 0.10619469026548672
0 0.4125 0.5154867256637168 0.08500000000000002 0.14601769911504425
1 0.47750000000000004 0.3561946902654867 0.034999999999999976 0.11946902654867253
0 0.5487500000000001 0.4247787610619469 0.10750000000000004 0.2123893805309735
0 0.645 0.422566371681416 0.08499999999999996 0.18141592920353983
1 0.675 0.13938053097345132 0.04500000000000004 0.084070796460177
0 0.86625 0.21460176991150443 0.04749999999999999 0.0752212389380531
0 0.9199999999999999 0.1836283185840708 0.05500000000000005 0.10176991150442477
0 0.74125 0.3163716814159292 0.04749999999999999 0.08407079646017701
0 0.78375 0.42035398230088494 0.0724999999999999 0.1415929203539823
0 0.9612499999999999 0.44026548672566373 0.0675 0.13716814159292035
0 0.755 0.911504424778761 0.135 0.16814159292035402
0 0.44375 0.10398230088495576 0.03250000000000003 0.057522123893805316
1 0.5975 0.13716814159292035 0.030000000000000027 0.07079646017699114
1 0.77875 0.05088495575221239 0.032500000000000084 0.04867256637168142
