0 0.06875 0.5992509363295879 0.03250000000000001 0.05992509363295884
0 0.15625 0.5430711610486891 0.017500000000000016 0.03745318352059934
0 0.195 0.6273408239700375 0.035 0.048689138576779034
0 0.30500000000000005 0.5093632958801498 0.04999999999999999 0.0898876404494382
0 0.43125 0.599250936329588 0.03750000000000003 0.08239700374531833
0 0.5862499999999999 0.5599250936329587 0.032500000000000084 0.0561797752808989
0 0.6187499999999999 0.5393258426966292 0.01749999999999996 0.029962546816479474
1 0.6575 0.5411985018726592 0.015000000000000013 0.02621722846441954
0 0.74 0.5973782771535581 0.03499999999999992 0.048689138576779034
0 0.7749999999999999 0.5318352059925093 0.015000000000000013 0.022471910112359494
