0 0.08499999999999999 0.2653061224489796 0.045 0.08979591836734693
0 0.16749999999999998 0.3163265306122449 0.04500000000000001 0.08571428571428569
0 0.355 0.3 0.04999999999999999 0.09387755102040818
0 0.3025 0.23673469387755103 0.030000000000000027 0.05714285714285716
0 0.37124999999999997 0.2346938775510204 0.027500000000000024 0.04489795918367345
0 0.4075 0.2816326530612245 0.044999999999999984 0.0653061224489796
0 0.43374999999999997 0.2530612244897959 0.017500000000000016 0.057142857142857134
0 0.45625 0.4755102040816327 0.04749999999999999 0.08571428571428569
0 0.48 0.27346938775510204 0.02999999999999997 0.05714285714285716
0 0.5275 0.2693877551020408 0.030000000000000027 0.0653061224489796
0 0.56125 0.2795918367346939 0.04249999999999998 0.07755102040816325
0 0.615 0.30612244897959184 0.040000000000000036 0.07346938775510203
0 0.65375 0.3346938775510204 0.04749999999999999 0.08979591836734696
0 0.7150000000000001 0.35510204081632657 0.05500000000000005 0.0979591836734694
0 0.72 0.21428571428571427 0.030000000000000027 0.06938775510204082
0 0.76875 0.2612244897959184 0.04249999999999998 0.07346938775510206
1 0.81 0.26122448979591834 0.039999999999999925 0.057142857142857134
0 0.88375 0.23877551020408164 0.04249999999999998 0.06938775510204082
0 0.93875 0.2571428571428572 0.04749999999999999 0.0816326530612245
0 0.84125 0.25510204081632654 0.022500000000000075 0.04489795918367348
