0 0.48125 0.27902621722846443 0.07750000000000001 0.12359550561797752
0 0.0875 0.4550561797752809 0.045 0.06367041198501877
0 0.16125 0.5112359550561798 0.037500000000000006 0.04868913857677898
0 0.3075 0.5243445692883895 0.030000000000000027 0.05243445692883897
0 0.23375 0.5393258426966292 0.022499999999999992 0.0449438202247191
0 0.2675 0.5711610486891385 0.025000000000000022 0.041198501872659166
0 0.6387499999999999 0.5393258426966292 0.02749999999999997 0.0449438202247191
1 0.625 0.6629213483146068 0.020000000000000018 0.03745318352059923
0 0.7737499999999999 0.4157303370786517 0.03749999999999998 0.07490636704119852
0 0.8500000000000001 0.44007490636704116 0.03500000000000003 0.07116104868913858
0 0.9275 0.3089887640449438 0.06000000000000005 0.12359550561797755
