0 0.09125 0.83 0.0625 0.08666666666666667
0 0.22125 0.83 0.057499999999999996 0.08666666666666667
0 0.3325 0.8583333333333334 0.05499999999999999 0.08333333333333337
0 0.50625 0.9033333333333333 0.06750000000000006 0.08666666666666667
0 0.79625 0.77 0.0625 0.07333333333333336
0 0.9550000000000001 0.8383333333333334 0.05500000000000005 0.04999999999999993
0 0.66625 0.6616666666666666 0.057499999999999996 0.07666666666666666
0 0.8512500000000001 0.51 0.04749999999999999 0.06000000000000005
0 0.98125 0.5716666666666668 0.032500000000000084 0.06333333333333335
0 0.72125 0.5066666666666666 0.03749999999999998 0.053333333333333344
0 0.5449999999999999 0.6816666666666666 0.05500000000000005 0.07000000000000006
0 0.41000000000000003 0.6483333333333333 0.05499999999999999 0.07000000000000006
0 0.22749999999999998 0.5916666666666667 0.03 0.07666666666666666
0 0.19 0.5766666666666667 0.05499999999999999 0.08000000000000007
0 0.1225 0.5733333333333333 0.04999999999999999 0.07333333333333336
0 0.015 0.5466666666666666 0.025 0.07333333333333336
0 0.022500000000000003 0.395 0.04 0.043333333333333335
0 0.1325 0.3933333333333333 0.045 0.06
0 0.265 0.43166666666666664 0.03999999999999998 0.0566666666666667
0 0.345 0.42333333333333334 0.044999999999999984 0.06
0 0.47125 0.4833333333333333 0.05249999999999999 0.06
0 0.5725 0.49666666666666665 0.050000000000000044 0.05999999999999994
0 0.96625 0.3566666666666667 0.04250000000000009 0.06
0 0.8162499999999999 0.31999999999999995 0.02749999999999997 0.06
0 0.725 0.30833333333333335 0.040000000000000036 0.06333333333333335
0 0.6525000000000001 0.30666666666666664 0.04500000000000004 0.04666666666666669
0 0.54 0.2533333333333333 0.040000000000000036 0.06
0 0.485 0.26 0.03499999999999992 0.05999999999999997
0 0.375 0.21666666666666667 0.03500000000000003 0.06
0 0.29375 0.23333333333333334 0.03249999999999997 0.053333333333333344
0 0.18125000000000002 0.20666666666666667 0.0325 0.053333333333333344
0 0.0875 0.20500000000000002 0.039999999999999994 0.06333333333333332
0 0.02125 0.195 0.0375 0.05666666666666667
0 0.02 0.1 0.030000000000000002 0.046666666666666676
0 0.11875 0.10666666666666666 0.022500000000000006 0.046666666666666676
0 0.20875 0.14333333333333334 0.0325 0.053333333333333344
0 0.33499999999999996 0.14833333333333332 0.02999999999999997 0.05666666666666667
0 0.48624999999999996 0.12166666666666667 0.027500000000000024 0.05666666666666666
0 0.575 0.15333333333333332 0.03500000000000003 0.059999999999999984
0 0.6975 0.18333333333333335 0.03499999999999992 0.060000000000000026
0 0.79 0.16166666666666668 0.040000000000000036 0.06333333333333332
0 0.9025000000000001 0.195 0.03500000000000003 0.05666666666666667
0 0.9875 0.21333333333333332 0.025000000000000022 0.060000000000000026
0 0.8175 0.06333333333333334 0.030000000000000027 0.04666666666666667
0 0.7424999999999999 0.07166666666666667 0.03500000000000003 0.049999999999999996
0 0.64375 0.065 0.032500000000000084 0.05666666666666667
0 0.6000000000000001 0.023333333333333334 0.025000000000000022 0.04
0 0.51625 0.06 0.03249999999999997 0.04666666666666666
0 0.44875 0.06333333333333332 0.03250000000000003 0.039999999999999994
0 0.38125 0.05 0.03250000000000003 0.04666666666666666
0 0.29375 0.03333333333333333 0.03749999999999998 0.04666666666666666
0 0.1775 0.055 0.024999999999999994 0.03666666666666667
0 0.1125 0.02666666666666667 0.024999999999999994 0.04666666666666667
