0 0.09875 0.24000000000000002 0.052500000000000005 0.062222222222222234
0 0.26249999999999996 0.20666666666666667 0.044999999999999984 0.06666666666666665
0 0.1575 0.2911111111111111 0.020000000000000018 0.03999999999999998
0 0.33875 0.2511111111111111 0.02749999999999997 0.0488888888888889
0 0.42625 0.24000000000000002 0.03750000000000003 0.08000000000000002
0 0.5325 0.26 0.040000000000000036 0.08444444444444446
0 0.71375 0.2644444444444444 0.02750000000000008 0.08444444444444443
0 0.86375 0.24666666666666667 0.03749999999999998 0.07555555555555554
0 0.585 0.33999999999999997 0.010000000000000009 0.0222222222222222
0 0.99 0.3622222222222222 0.010000000000000009 0.022222222222222254
0 0.9775 0.36888888888888893 0.015000000000000013 0.026666666666666672
