0 0.0925 0.755 0.08000000000000002 0.10333333333333328
0 0.36250000000000004 0.6766666666666666 0.08000000000000002 0.10666666666666669
0 0.5525 0.6866666666666666 0.06499999999999995 0.11333333333333329
0 0.93125 0.78 0.11250000000000004 0.11333333333333329
0 0.9575 0.5216666666666667 0.030000000000000027 0.036666666666666736
0 0.64375 0.535 0.012500000000000067 0.030000000000000027
0 0.57875 0.52 0.012499999999999956 0.020000000000000018
0 0.395 0.5316666666666667 0.015000000000000013 0.023333333333333317
1 0.28875 0.54 0.01749999999999996 0.026666666666666727
0 0.75375 0.62 0.012499999999999956 0.026666666666666616
