0 0.01875 0.52 0.0225 0.04444444444444451
0 0.0775 0.8088888888888889 0.01999999999999999 0.03555555555555556
0 0.075 0.49777777777777776 0.024999999999999994 0.04444444444444445
0 0.14 0.5066666666666666 0.024999999999999994 0.053333333333333344
1 0.12 0.6333333333333333 0.02500000000000001 0.04888888888888887
1 0.16749999999999998 0.7155555555555555 0.01999999999999999 0.0444444444444444
0 0.135 0.37777777777777777 0.024999999999999994 0.04444444444444445
0 0.18625 0.3866666666666667 0.012500000000000011 0.04444444444444445
1 0.14875 0.2733333333333333 0.022499999999999992 0.03999999999999998
0 0.09375 0.1577777777777778 0.017499999999999988 0.04000000000000001
0 0.275 0.6911111111111111 0.02999999999999997 0.057777777777777706
0 0.34125 0.8999999999999999 0.03249999999999997 0.05777777777777782
0 0.305 0.6266666666666667 0.025000000000000022 0.053333333333333344
1 0.3 0.4866666666666667 0.020000000000000018 0.040000000000000036
0 0.27749999999999997 0.4177777777777778 0.019999999999999962 0.04444444444444445
0 0.375 0.4933333333333333 0.020000000000000018 0.04444444444444445
0 0.395 0.7022222222222223 0.02999999999999997 0.053333333333333344
0 0.43125 0.8177777777777777 0.027500000000000024 0.06222222222222229
0 0.4 0.8044444444444445 0.02999999999999997 0.06222222222222229
0 0.48375 0.9199999999999999 0.017500000000000016 0.0444444444444444
0 0.49374999999999997 0.6599999999999999 0.02749999999999997 0.05777777777777782
0 0.47625 0.6088888888888889 0.03249999999999997 0.03555555555555556
0 0.45375 0.45777777777777773 0.027500000000000024 0.04444444444444445
0 0.36124999999999996 0.37777777777777777 0.027500000000000024 0.04444444444444445
0 0.23375 0.2644444444444445 0.022499999999999992 0.031111111111111145
1 0.2225 0.22444444444444445 0.020000000000000018 0.03999999999999998
1 0.28 0.27555555555555555 0.024999999999999967 0.0444444444444444
1 0.315 0.24888888888888888 0.020000000000000018 0.03555555555555556
0 0.38375000000000004 0.2777777777777778 0.02250000000000002 0.03999999999999998
0 0.3625 0.2111111111111111 0.025000000000000022 0.03999999999999998
0 0.27875 0.08444444444444445 0.01749999999999996 0.03555555555555556
0 0.315 0.05333333333333333 0.015000000000000013 0.035555555555555556
0 0.34125 0.1688888888888889 0.01749999999999996 0.03555555555555556
0 0.4175 0.1622222222222222 0.020000000000000018 0.031111111111111117
0 0.25625 0.2088888888888889 0.017500000000000016 0.035555555555555535
0 0.44 0.38 0.025000000000000022 0.040000000000000036
0 0.47625 0.3222222222222222 0.022499999999999964 0.048888888888888926
0 0.50875 0.36888888888888893 0.02250000000000002 0.04444444444444445
0 0.52 0.4866666666666667 0.020000000000000018 0.040000000000000036
0 0.63375 0.8822222222222222 0.03249999999999997 0.057777777777777706
0 0.6775 0.971111111111111 0.03499999999999992 0.05777777777777782
0 0.625 0.5755555555555556 0.02499999999999991 0.039999999999999925
0 0.6325000000000001 0.4088888888888889 0.025000000000000022 0.03555555555555556
0 0.56375 0.3866666666666667 0.022499999999999964 0.04444444444444445
0 0.5825 0.3511111111111111 0.020000000000000018 0.03555555555555556
0 0.58875 0.28444444444444444 0.01750000000000007 0.03555555555555556
0 0.5325 0.2088888888888889 0.020000000000000018 0.035555555555555535
0 0.3325 0.02 0.015000000000000013 0.03111111111111111
1 0.42125 0.05111111111111111 0.012500000000000011 0.03111111111111111
0 0.4525 0.035555555555555556 0.020000000000000018 0.03555555555555556
0 0.52125 0.08 0.01750000000000007 0.03555555555555556
0 0.565 0.03333333333333333 0.015000000000000013 0.031111111111111114
0 0.65375 0.14222222222222222 0.01749999999999996 0.03555555555555556
1 0.67625 0.11555555555555555 0.01750000000000007 0.026666666666666658
0 0.665 0.2866666666666667 0.020000000000000018 0.03111111111111109
0 0.7025 0.3977777777777778 0.020000000000000018 0.040000000000000036
0 0.7325 0.6177777777777778 0.030000000000000027 0.053333333333333344
0 0.72875 0.4488888888888889 0.022499999999999964 0.0444444444444444
0 0.7525 0.49777777777777776 0.025000000000000022 0.04444444444444445
0 0.76625 0.4222222222222222 0.022499999999999964 0.0444444444444444
0 0.76125 0.5911111111111111 0.022499999999999964 0.0444444444444444
0 0.71 0.07777777777777778 0.015000000000000013 0.031111111111111117
0 0.67125 0.02 0.01750000000000007 0.03111111111111111
0 0.7362500000000001 0.02 0.012500000000000067 0.03111111111111111
0 0.77125 0.03777777777777778 0.012499999999999956 0.031111111111111114
1 0.7725 0.08222222222222222 0.015000000000000013 0.031111111111111117
1 0.745 0.1622222222222222 0.014999999999999902 0.031111111111111117
0 0.8125 0.2111111111111111 0.020000000000000018 0.03999999999999998
0 0.86625 0.11777777777777779 0.01749999999999996 0.031111111111111103
1 0.8775 0.017777777777777778 0.015000000000000013 0.026666666666666665
0 0.91125 0.11333333333333334 0.01750000000000007 0.031111111111111103
0 0.8975 0.18666666666666668 0.020000000000000018 0.03555555555555556
0 0.89125 0.2644444444444444 0.022499999999999964 0.04000000000000001
0 0.85875 0.29555555555555557 0.01750000000000007 0.03999999999999998
0 0.9125 0.31333333333333335 0.020000000000000018 0.03999999999999998
0 0.95375 0.2533333333333333 0.012499999999999956 0.026666666666666672
0 0.925 0.38222222222222224 0.025000000000000022 0.04444444444444445
0 0.9575 0.45999999999999996 0.025000000000000022 0.03999999999999998
0 0.97 0.3111111111111111 0.020000000000000018 0.04444444444444445
0 0.8600000000000001 0.08 0.015000000000000013 0.026666666666666672
0 0.99 0.6799999999999999 0.020000000000000018 0.053333333333333344
0 0.98875 0.5888888888888888 0.022499999999999964 0.04888888888888887
0 0.94125 0.5155555555555555 0.022499999999999964 0.03555555555555556
