0 0.0475 0.26907630522088355 0.049999999999999996 0.0963855421686747
0 0.11000000000000001 0.24899598393574296 0.06000000000000001 0.09638554216867468
0 0.27749999999999997 0.1506024096385542 0.044999999999999984 0.0923694779116466
0 0.24 0.34538152610441764 0.04500000000000001 0.10441767068273095
0 0.3175 0.3032128514056225 0.050000000000000044 0.10040160642570284
0 0.39875 0.3132530120481928 0.057499999999999996 0.10441767068273089
0 0.44875 0.23493975903614456 0.057499999999999996 0.0923694779116466
0 0.5137499999999999 0.28714859437751006 0.057499999999999996 0.10040160642570278
0 0.5725 0.2530120481927711 0.06000000000000005 0.10441767068273095
0 0.6950000000000001 0.28112449799196787 0.04999999999999993 0.08835341365461846
0 0.74875 0.28915662650602414 0.04249999999999998 0.10441767068273095
0 0.8400000000000001 0.2530120481927711 0.06500000000000006 0.11244979919678716
0 0.9450000000000001 0.24096385542168675 0.05999999999999994 0.10441767068273092
0 0.34375 0.20080321285140562 0.05249999999999999 0.08835341365461846
0 0.99125 0.3855421686746988 0.022499999999999964 0.08032128514056225
