0 0.11124999999999999 0.4933628318584071 0.0775 0.19026548672566373
0 0.275 0.32079646017699115 0.09 0.13716814159292035
0 0.08875 0.22787610619469026 0.0475 0.08407079646017696
0 0.32875 0.09513274336283185 0.04249999999999998 0.08407079646017698
0 0.46375 0.331858407079646 0.05249999999999999 0.09734513274336282
0 0.52625 0.2654867256637168 0.03750000000000009 0.08849557522123891
0 0.625 0.27876106194690264 0.03499999999999992 0.09734513274336284
0 0.575 0.4601769911504425 0.05999999999999994 0.11504424778761063
0 0.6074999999999999 0.6747787610619469 0.05999999999999994 0.12831858407079655
0 0.7662500000000001 0.4358407079646017 0.0675 0.10176991150442477
0 0.6012500000000001 0.057522123893805316 0.02749999999999997 0.07079646017699115
0 0.8262499999999999 0.1327433628318584 0.03749999999999998 0.044247787610619455
0 0.96 0.21017699115044247 0.06999999999999995 0.13716814159292035
0 0.47 0.11061946902654868 0.019999999999999962 0.061946902654867256
