1 0.11 0.0898876404494382 0.04000000000000001 0.06741573033707865
1 0.17875000000000002 0.21722846441947566 0.047500000000000014 0.06741573033707865
1 0.16875 0.3764044943820225 0.05250000000000002 0.07865168539325845
0 0.1375 0.552434456928839 0.05 0.07116104868913853
1 0.47375 0.15355805243445694 0.04249999999999998 0.06741573033707866
0 0.43000000000000005 0.30711610486891383 0.04999999999999999 0.06741573033707865
0 0.47125 0.4044943820224719 0.04749999999999999 0.06741573033707865
0 0.44625 0.5786516853932584 0.05249999999999999 0.0786516853932584
0 0.7424999999999999 0.06554307116104868 0.04500000000000004 0.06367041198501873
0 0.8225 0.16666666666666669 0.050000000000000044 0.06367041198501874
1 0.80875 0.29213483146067415 0.04249999999999998 0.05243445692883897
1 0.7050000000000001 0.42883895131086147 0.04500000000000004 0.07116104868913858
0 0.7949999999999999 0.6273408239700375 0.04999999999999993 0.041198501872659166
