0 0.23125 0.34090909090909094 0.057499999999999996 0.10606060606060602
0 0.3025 0.2601010101010101 0.07500000000000001 0.14646464646464644
0 0.40875 0.36616161616161613 0.0675 0.14646464646464646
0 0.35625 0.6666666666666666 0.0625 0.14141414141414144
0 0.46875 0.23484848484848483 0.04749999999999999 0.12626262626262624
0 0.53375 0.1994949494949495 0.04749999999999999 0.11616161616161616
0 0.48124999999999996 0.8737373737373737 0.062499999999999944 0.13131313131313138
0 0.735 0.2525252525252525 0.07499999999999996 0.1616161616161616
0 0.905 0.07575757575757576 0.07499999999999996 0.1414141414141414
0 0.97 0.11868686868686869 0.06000000000000005 0.16666666666666666
