0 0.075 0.07116104868913858 0.024999999999999994 0.04494382022471911
0 0.15000000000000002 0.056179775280898875 0.024999999999999994 0.03745318352059925
0 0.3125 0.08801498127340825 0.025000000000000022 0.05617977528089888
0 0.43125 0.033707865168539325 0.027500000000000024 0.0449438202247191
0 0.06875 0.20599250936329588 0.03250000000000001 0.05243445692883897
0 0.14875 0.17228464419475656 0.0325 0.0449438202247191
0 0.2825 0.16479400749063672 0.02999999999999997 0.05243445692883894
0 0.305 0.23220973782771537 0.030000000000000027 0.0449438202247191
0 0.24375000000000002 0.31086142322097376 0.0325 0.0449438202247191
0 0.08125 0.2958801498127341 0.037500000000000006 0.05243445692883897
0 0.0375 0.3651685393258427 0.035 0.0561797752808989
0 0.1075 0.4157303370786517 0.035 0.0449438202247191
0 0.105 0.4868913857677903 0.03 0.05992509363295884
0 0.16625 0.5187265917602997 0.0325 0.0561797752808989
0 0.175 0.601123595505618 0.04500000000000001 0.06367041198501877
0 0.1275 0.8014981273408239 0.045 0.05992509363295884
0 0.1525 0.9269662921348314 0.044999999999999984 0.07116104868913864
0 0.255 0.8745318352059925 0.04500000000000001 0.0561797752808989
0 0.32999999999999996 0.5056179775280899 0.03999999999999998 0.05243445692883891
0 0.35 0.36142322097378277 0.02999999999999997 0.048689138576779034
0 0.38 0.8220973782771536 0.04500000000000004 0.07116104868913853
0 0.44375 0.5655430711610487 0.03750000000000003 0.0674157303370787
0 0.5037499999999999 0.10299625468164794 0.02749999999999997 0.033707865168539325
0 0.5275 0.16104868913857678 0.030000000000000027 0.0449438202247191
0 0.59125 0.11610486891385768 0.02749999999999997 0.0449438202247191
0 0.565 0.20599250936329588 0.029999999999999916 0.0449438202247191
0 0.66125 0.1947565543071161 0.03249999999999997 0.0449438202247191
0 0.635 0.25468164794007486 0.03499999999999992 0.05992509363295878
0 0.6000000000000001 0.40636704119850187 0.03500000000000003 0.0561797752808989
0 0.5525 0.49625468164794007 0.03499999999999992 0.06367041198501866
0 0.71875 0.7958801498127341 0.04249999999999998 0.07116104868913864
0 0.7725 0.38014981273408244 0.03500000000000003 0.06367041198501872
0 0.80125 0.550561797752809 0.03749999999999998 0.059925093632958726
0 0.79 0.04868913857677903 0.030000000000000027 0.037453183520599245
0 0.81625 0.0299625468164794 0.022499999999999964 0.04494382022471911
1 0.9275 0.06554307116104868 0.02499999999999991 0.04868913857677903
0 0.84125 0.1198501872659176 0.032500000000000084 0.03745318352059926
0 0.95875 0.3539325842696629 0.03750000000000009 0.04119850187265922
0 0.8999999999999999 0.49625468164794007 0.03500000000000003 0.05617977528089885
0 0.92375 0.6891385767790261 0.03249999999999997 0.05992509363295884
0 0.9550000000000001 0.7415730337078652 0.04999999999999993 0.05243445692883897
