0 0.43374999999999997 0.6305309734513274 0.1175 0.2522123893805309
0 0.53875 0.754424778761062 0.07250000000000001 0.19026548672566368
0 0.665 0.7920353982300885 0.125 0.23008849557522115
0 0.8175 0.7190265486725664 0.09000000000000008 0.1991150442477877
0 0.65625 0.3672566371681416 0.0625 0.1415929203539823
0 0.7224999999999999 0.3252212389380531 0.06500000000000006 0.11946902654867253
0 0.5125 0.2654867256637168 0.04500000000000004 0.10619469026548672
0 0.56 0.20353982300884954 0.04999999999999993 0.09734513274336284
0 0.47750000000000004 0.33628318584070793 0.065 0.09734513274336282
0 0.6 0.08185840707964602 0.040000000000000036 0.0663716814159292
0 0.6837500000000001 0.05530973451327434 0.03749999999999998 0.057522123893805316
0 0.53625 0.0663716814159292 0.03750000000000009 0.061946902654867256
