0 0.08499999999999999 0.31777777777777777 0.05 0.10222222222222221
0 0.16749999999999998 0.37777777777777777 0.04500000000000001 0.0888888888888889
0 0.35250000000000004 0.35333333333333333 0.05499999999999999 0.11111111111111116
0 0.40625 0.3288888888888889 0.04249999999999998 0.08000000000000002
0 0.45375 0.5644444444444444 0.05249999999999999 0.09777777777777774
0 0.5275 0.3155555555555556 0.030000000000000027 0.08000000000000002
0 0.5625 0.32666666666666666 0.04499999999999993 0.09333333333333332
0 0.61375 0.36 0.04249999999999998 0.08000000000000002
0 0.65125 0.39555555555555555 0.04249999999999998 0.0888888888888889
0 0.7137500000000001 0.4177777777777778 0.057499999999999996 0.10666666666666663
0 0.7675000000000001 0.3044444444444444 0.03500000000000003 0.07555555555555554
1 0.8087500000000001 0.30444444444444446 0.03749999999999998 0.06666666666666665
0 0.88375 0.28444444444444444 0.04249999999999998 0.0888888888888889
0 0.94 0.30666666666666664 0.04999999999999993 0.0977777777777778
0 0.3 0.2822222222222222 0.03500000000000003 0.07555555555555557
0 0.47750000000000004 0.32666666666666666 0.034999999999999976 0.06666666666666665
0 0.36875 0.2822222222222222 0.03750000000000003 0.06666666666666665
0 0.8400000000000001 0.3022222222222222 0.025000000000000022 0.053333333333333344
