0 0.01125 0.3555555555555555 0.0175 0.026666666666666672
0 0.1175 0.38 0.020000000000000004 0.03111111111111109
0 0.036250000000000004 0.45555555555555555 0.0375 0.06666666666666665
0 0.0975 0.5444444444444444 0.03 0.06666666666666665
0 0.20875 0.4444444444444444 0.05249999999999999 0.0977777777777778
0 0.23125 0.37333333333333335 0.022499999999999992 0.053333333333333344
0 0.26 0.34444444444444444 0.020000000000000018 0.040000000000000036
0 0.32625000000000004 0.36 0.012500000000000011 0.026666666666666672
0 0.30125 0.39555555555555555 0.017500000000000016 0.03555555555555556
0 0.3225 0.4755555555555555 0.03500000000000003 0.07111111111111107
0 0.355 0.44 0.020000000000000018 0.053333333333333344
0 0.40125 0.45333333333333337 0.057499999999999996 0.0977777777777778
0 0.45499999999999996 0.6311111111111112 0.065 0.13333333333333341
0 0.5974999999999999 0.4733333333333334 0.025000000000000022 0.06666666666666671
0 0.645 0.40888888888888886 0.020000000000000018 0.04444444444444445
0 0.69 0.5022222222222222 0.03500000000000003 0.07111111111111112
0 0.8500000000000001 0.6511111111111111 0.16000000000000003 0.30666666666666664
0 0.9425 0.7444444444444445 0.06000000000000005 0.12888888888888883
