0 0.06874999999999999 0.39249999999999996 0.09749999999999999 0.16499999999999998
0 0.32625 0.26 0.03749999999999998 0.06999999999999998
0 0.42000000000000004 0.2875 0.02999999999999997 0.07500000000000001
0 0.6312500000000001 0.2625 0.03749999999999998 0.07499999999999998
0 0.69125 0.1775 0.04249999999999998 0.095
0 0.895 0.265 0.08000000000000007 0.19999999999999998
0 0.71375 0.4675 0.04249999999999998 0.08500000000000002
1 0.8275 0.29000000000000004 0.05499999999999994 0.09000000000000002
1 0.38375000000000004 0.2225 0.02250000000000002 0.05499999999999999
0 0.2925 0.2175 0.020000000000000018 0.065
1 0.20500000000000002 0.195 0.035 0.09
0 0.5525 0.18 0.03499999999999992 0.07
