0 0.03375 0.35555555555555557 0.0625 0.12444444444444447
0 0.07875 0.2644444444444444 0.0625 0.11999999999999997
1 0.225 0.22000000000000003 0.07 0.10222222222222224
0 0.34625 0.20444444444444443 0.04749999999999999 0.07999999999999999
0 0.42000000000000004 0.19111111111111112 0.07 0.07999999999999999
0 0.41375 0.33999999999999997 0.07250000000000001 0.1111111111111111
0 0.18125 0.37777777777777777 0.10749999999999998 0.18666666666666665
0 0.5287499999999999 0.3466666666666667 0.08249999999999996 0.12444444444444447
0 0.8162499999999999 0.42 0.08750000000000002 0.15555555555555556
1 0.6737500000000001 0.2533333333333333 0.0675 0.10666666666666663
