0 0.5449999999999999 0.5861423220973783 0.09999999999999998 0.15355805243445686
0 0.0325 0.44756554307116103 0.020000000000000004 0.03370786516853935
0 0.12875 0.4812734082397004 0.007500000000000007 0.0337078651685393
0 0.24 0.4719101123595506 0.014999999999999986 0.02996254681647942
0 0.27249999999999996 0.4606741573033708 0.019999999999999962 0.02996254681647942
0 0.3775 0.4794007490636704 0.015000000000000013 0.03745318352059923
1 0.34875 0.449438202247191 0.022499999999999964 0.03745318352059923
0 0.43374999999999997 0.45318352059925093 0.017500000000000016 0.03745318352059923
0 0.495 0.45880149812734083 0.020000000000000018 0.041198501872659166
0 0.655 0.46816479400749067 0.015000000000000013 0.03745318352059929
0 0.6975 0.45318352059925093 0.010000000000000009 0.029962546816479363
0 0.73875 0.4794007490636704 0.012499999999999956 0.029962546816479363
0 0.87375 0.3370786516853933 0.01749999999999996 0.02247191011235955
0 0.94 0.45880149812734083 0.009999999999999898 0.026217228464419484
1 0.8887499999999999 0.4550561797752809 0.01749999999999996 0.0337078651685393
0 0.89125 0.398876404494382 0.01750000000000007 0.026217228464419484
