0 0.043750000000000004 0.23408239700374533 0.0775 0.13857677902621726
0 0.24375000000000002 0.37827715355805247 0.07250000000000004 0.1273408239700375
0 0.41625 0.449438202247191 0.07250000000000001 0.11985018726591762
0 0.57625 0.4101123595505618 0.0625 0.13108614232209737
0 0.70625 0.40262172284644193 0.07250000000000001 0.10112359550561795
0 0.8225 0.40823970037453183 0.06499999999999995 0.09737827715355807
0 0.87625 0.3820224719101124 0.03249999999999997 0.07490636704119852
1 0.925 0.3895131086142322 0.05500000000000005 0.0898876404494382
1 0.50625 0.32209737827715357 0.06750000000000006 0.0898876404494382
1 0.645 0.3595505617977528 0.040000000000000036 0.10486891385767794
