0 0.08625 0.2714285714285714 0.042499999999999996 0.08571428571428572
0 0.16749999999999998 0.3183673469387755 0.05000000000000002 0.07346938775510203
0 0.30125 0.23673469387755103 0.027500000000000024 0.05714285714285716
0 0.35625 0.2979591836734694 0.04749999999999999 0.0979591836734694
0 0.3725 0.23877551020408164 0.030000000000000027 0.06122448979591838
0 0.4075 0.2795918367346939 0.03999999999999998 0.07755102040816325
0 0.45499999999999996 0.4775510204081633 0.04999999999999999 0.08163265306122447
0 0.435 0.2571428571428571 0.015000000000000013 0.057142857142857134
0 0.47875 0.2755102040816326 0.02749999999999997 0.06122448979591838
0 0.5275 0.27142857142857146 0.030000000000000027 0.06938775510204082
0 0.56125 0.27755102040816326 0.04249999999999998 0.08163265306122447
0 0.61375 0.30612244897959184 0.03749999999999998 0.0653061224489796
0 0.65125 0.3326530612244898 0.03750000000000009 0.07755102040816325
0 0.71375 0.3551020408163265 0.05249999999999999 0.08163265306122447
0 0.72125 0.21836734693877552 0.022500000000000075 0.053061224489795916
0 0.77 0.25918367346938775 0.03500000000000003 0.06938775510204084
1 0.8075 0.25918367346938775 0.03499999999999992 0.06122448979591835
0 0.84 0.2510204081632653 0.020000000000000018 0.04489795918367348
0 0.8825000000000001 0.24081632653061225 0.039999999999999925 0.0653061224489796
0 0.93875 0.25918367346938775 0.04749999999999999 0.07755102040816328
