0 0.36125 0.3377777777777778 0.0625 0.18666666666666668
0 0.0775 0.38222222222222224 0.07999999999999999 0.15999999999999998
0 0.17 0.28222222222222226 0.065 0.14666666666666667
0 0.39125 0.4955555555555555 0.0625 0.14666666666666667
0 0.44375 0.35777777777777775 0.057499999999999996 0.1288888888888889
0 0.6025 0.2866666666666667 0.09499999999999997 0.15555555555555556
0 0.24125000000000002 0.3244444444444444 0.037500000000000006 0.11555555555555558
1 0.7625 0.4311111111111111 0.06999999999999995 0.15999999999999998
1 0.95375 0.34 0.05249999999999999 0.12
1 0.98375 0.3355555555555556 0.03249999999999997 0.14666666666666667
