0 0.08875 0.27715355805243447 0.042499999999999996 0.07490636704119849
0 0.16 0.3089887640449438 0.03999999999999998 0.07865168539325845
0 0.27875 0.2546816479400749 0.04249999999999998 0.07490636704119849
0 0.40125 0.36891385767790263 0.04249999999999998 0.07116104868913858
0 0.4175 0.250936329588015 0.03999999999999998 0.05243445692883897
0 0.5525 0.21348314606741575 0.040000000000000036 0.07490636704119849
0 0.6575 0.2752808988764045 0.025000000000000022 0.07865168539325842
0 0.71375 0.299625468164794 0.03750000000000009 0.08239700374531833
0 0.84 0.29026217228464424 0.040000000000000036 0.06367041198501872
0 0.90375 0.3146067415730337 0.03749999999999998 0.06741573033707865
