0 0.2675 0.1085972850678733 0.025000000000000022 0.06334841628959276
0 0.2375 0.15158371040723984 0.04000000000000001 0.06787330316742082
0 0.16499999999999998 0.6357466063348416 0.07999999999999999 0.14027149321266974
0 0.33875 0.5248868778280543 0.0625 0.12669683257918551
0 0.42000000000000004 0.31447963800904977 0.05499999999999999 0.11312217194570134
0 0.40249999999999997 0.03619909502262444 0.019999999999999962 0.03619909502262443
0 0.45875 0.05429864253393665 0.017500000000000016 0.04524886877828055
0 0.5575 0.08371040723981901 0.030000000000000027 0.0497737556561086
0 0.54375 0.25339366515837103 0.05249999999999999 0.10859728506787333
0 0.57125 0.4276018099547511 0.0625 0.12217194570135748
0 0.65375 0.248868778280543 0.057499999999999996 0.10859728506787328
1 0.75 0.12895927601809953 0.030000000000000027 0.058823529411764705
0 0.8125 0.1606334841628959 0.03499999999999992 0.07692307692307691
0 0.7887500000000001 0.0497737556561086 0.02749999999999997 0.05429864253393665
0 0.8525 0.042986425339366516 0.03500000000000003 0.05882352941176471
0 0.90125 0.06787330316742081 0.03249999999999997 0.04524886877828054
