0 0.055 0.02564102564102564 0.05500000000000001 0.04395604395604395
0 0.32625 0.0641025641025641 0.05249999999999999 0.07692307692307693
0 0.25875 0.17399267399267399 0.05249999999999996 0.08424908424908426
1 0.42500000000000004 0.06776556776556776 0.044999999999999984 0.0695970695970696
0 0.34750000000000003 0.19047619047619047 0.065 0.10989010989010989
0 0.065 0.6996336996336996 0.12 0.3076923076923077
1 0.5925 0.21062271062271062 0.03500000000000003 0.06959706959706957
1 0.55375 0.26556776556776557 0.057499999999999996 0.08424908424908426
0 0.49624999999999997 0.42124542124542125 0.07249999999999995 0.11721611721611724
0 0.69 0.14102564102564102 0.05500000000000005 0.0989010989010989
0 0.8300000000000001 0.19963369963369965 0.04500000000000004 0.08424908424908426
0 0.78125 0.4798534798534798 0.07250000000000001 0.10256410256410259
0 0.93625 0.35531135531135527 0.057499999999999996 0.08058608058608058
