0 0.38625 0.4688888888888889 0.057499999999999996 0.11999999999999994
0 0.38375 0.2622222222222222 0.07750000000000001 0.0711111111111111
0 0.6475 0.6777777777777778 0.05999999999999994 0.15555555555555556
0 0.5800000000000001 0.5333333333333333 0.039999999999999925 0.1333333333333333
0 0.6975 0.2644444444444444 0.02499999999999991 0.04888888888888887
1 0.08499999999999999 0.24 0.020000000000000004 0.03555555555555556
1 0.51 0.22 0.024999999999999967 0.05777777777777776
1 0.755 0.20222222222222222 0.020000000000000018 0.05777777777777776
1 0.5787500000000001 0.4 0.03749999999999998 0.062222222222222234
0 0.89375 0.34444444444444444 0.02749999999999997 0.040000000000000036
1 0.93625 0.37333333333333335 0.03749999999999998 0.07111111111111112
1 0.9412499999999999 0.4955555555555555 0.02749999999999997 0.10222222222222221
1 0.9675 0.36444444444444446 0.030000000000000027 0.053333333333333344
