0 0.08625 0.5280898876404494 0.0725 0.12734082397003743
0 0.13375 0.9101123595505618 0.09749999999999999 0.1797752808988764
0 0.2525 0.6385767790262172 0.06499999999999997 0.12359550561797761
0 0.28875 0.40823970037453183 0.04249999999999998 0.07490636704119846
0 0.35125 0.3539325842696629 0.03749999999999998 0.07865168539325845
0 0.5025 0.46254681647940077 0.04500000000000004 0.08614232209737827
0 0.5575 0.34644194756554303 0.040000000000000036 0.07865168539325845
0 0.67875 0.43632958801498123 0.03749999999999998 0.06367041198501872
0 0.7725 0.4887640449438202 0.03500000000000003 0.0786516853932584
0 0.87 0.5880149812734082 0.040000000000000036 0.1123595505617978
0 0.6012500000000001 0.31086142322097376 0.04250000000000009 0.08239700374531839
