0 0.0875 0.4733333333333334 0.045 0.1288888888888889
0 0.28500000000000003 0.44222222222222224 0.03999999999999998 0.10222222222222221
0 0.33499999999999996 0.5022222222222222 0.06 0.0977777777777778
0 0.39875 0.3711111111111111 0.04249999999999998 0.09333333333333338
1 0.4475 0.3911111111111111 0.05499999999999999 0.10666666666666663
0 0.50875 0.5044444444444445 0.07750000000000001 0.1555555555555555
1 0.5025 0.30444444444444446 0.04500000000000004 0.08444444444444443
1 0.5825 0.2866666666666667 0.050000000000000044 0.10222222222222224
1 0.7037500000000001 0.34444444444444444 0.04749999999999999 0.09333333333333338
0 0.6737500000000001 0.4622222222222222 0.04749999999999999 0.09777777777777774
0 0.745 0.44222222222222224 0.050000000000000044 0.12
0 0.8925000000000001 0.36 0.04500000000000004 0.0888888888888889
1 0.95875 0.3933333333333333 0.0625 0.10222222222222221
1 0.185 0.3622222222222222 0.03 0.05777777777777782
1 0.8175 0.3422222222222222 0.030000000000000027 0.062222222222222234
0 0.9312499999999999 0.3244444444444444 0.02749999999999997 0.053333333333333344
