0 0.08499999999999999 0.23595505617977527 0.045 0.06741573033707865
0 0.18874999999999997 0.11797752808988764 0.0325 0.048689138576779006
0 0.25625 0.28464419475655434 0.04250000000000004 0.05992509363295878
0 0.37124999999999997 0.0898876404494382 0.03250000000000003 0.0449438202247191
0 0.41500000000000004 0.14794007490636704 0.03999999999999998 0.06367041198501872
0 0.51875 0.35767790262172283 0.05250000000000005 0.08614232209737827
0 0.45625 0.08426966292134831 0.03749999999999998 0.056179775280898875
0 0.52 0.09363295880149813 0.03500000000000003 0.052434456928838954
0 0.62 0.26779026217228463 0.04499999999999993 0.07116104868913858
0 0.6074999999999999 0.20973782771535582 0.03500000000000003 0.05243445692883894
1 0.4225 0.07865168539325842 0.025000000000000022 0.029962546816479405
1 0.59375 0.10299625468164794 0.022499999999999964 0.04119850187265918
0 0.6000000000000001 0.04307116104868914 0.025000000000000022 0.033707865168539325
0 0.66625 0.13670411985018727 0.03249999999999997 0.041198501872659166
1 0.63 0.026217228464419474 0.02499999999999991 0.03745318352059925
0 0.75 0.058052434456928835 0.030000000000000027 0.04868913857677902
0 0.76875 0.06179775280898876 0.012500000000000067 0.033707865168539325
1 0.7275 0.05430711610486891 0.020000000000000018 0.03370786516853932
1 0.8825000000000001 0.059925093632958795 0.029999999999999916 0.03745318352059925
0 0.955 0.10112359550561797 0.030000000000000027 0.0449438202247191
