0 0.5375 0.42500000000000004 0.040000000000000036 0.04999999999999999
0 0.78375 0.485 0.03749999999999998 0.04333333333333339
1 0.8775 0.49333333333333335 0.039999999999999925 0.046666666666666745
1 0.71875 0.44833333333333336 0.03750000000000009 0.04333333333333328
1 0.6575 0.41333333333333333 0.03500000000000003 0.040000000000000036
1 0.47125 0.41833333333333333 0.03249999999999997 0.050000000000000044
1 0.3675 0.41000000000000003 0.040000000000000036 0.04666666666666669
1 0.44375 0.39666666666666667 0.03250000000000003 0.040000000000000036
0 0.07250000000000001 0.44166666666666665 0.020000000000000004 0.02999999999999997
1 0.84375 0.45999999999999996 0.022499999999999964 0.026666666666666672
