0 0.7925 0.7284644194756554 0.09999999999999998 0.15355805243445686
1 0.8362499999999999 0.5262172284644194 0.07750000000000001 0.11610486891385768
1 0.44875 0.5599250936329587 0.07750000000000001 0.11610486891385763
0 0.5237499999999999 0.6985018726591761 0.10249999999999998 0.1460674157303371
0 0.96 0.548689138576779 0.05999999999999994 0.08614232209737827
0 0.18875 0.6310861423220974 0.08250000000000002 0.15355805243445686
0 0.0775 0.5093632958801498 0.05499999999999999 0.0898876404494382
0 0.26749999999999996 0.5861423220973783 0.044999999999999984 0.101123595505618
0 0.35375 0.5337078651685393 0.05249999999999999 0.0786516853932584
0 0.39375 0.49250936329588013 0.057499999999999996 0.10861423220973782
0 0.52 0.4887640449438202 0.06000000000000005 0.09363295880149808
0 0.5700000000000001 0.4887640449438202 0.039999999999999925 0.07116104868913853
0 0.615 0.39513108614232206 0.030000000000000027 0.05617977528089885
0 0.72875 0.3595505617977528 0.04249999999999998 0.05243445692883897
1 0.30000000000000004 0.4943820224719101 0.03999999999999998 0.07490636704119846
0 0.1225 0.41385767790262173 0.03500000000000002 0.0561797752808989
0 0.375 0.38951310861423216 0.04500000000000004 0.06741573033707865
1 0.47375 0.3408239700374532 0.03249999999999997 0.05243445692883897
0 0.5175000000000001 0.31835205992509363 0.015000000000000013 0.03745318352059923
0 0.64375 0.31273408239700373 0.01749999999999996 0.0337078651685393
0 0.42625 0.33707865168539325 0.02250000000000002 0.03745318352059923
0 0.255 0.29962546816479396 0.020000000000000018 0.02996254681647942
0 0.6875 0.37265917602996257 0.03499999999999992 0.048689138576779034
0 0.58 0.4288389513108614 0.030000000000000027 0.0561797752808989
0 0.91625 0.31647940074906367 0.022499999999999964 0.041198501872659166
0 0.9612499999999999 0.30711610486891383 0.022500000000000075 0.0449438202247191
0 0.78375 0.35018726591760296 0.01749999999999996 0.03370786516853935
0 0.94 0.3033707865168539 0.019999999999999907 0.03745318352059929
