0 0.19624999999999998 0.4491150442477876 0.07749999999999999 0.1460176991150443
1 0.3925 0.6150442477876106 0.14 0.29203539823008845
0 0.0925 0.3429203539823009 0.06 0.11946902654867259
1 0.2225 0.331858407079646 0.05499999999999999 0.08849557522123891
0 0.28375 0.2610619469026549 0.05249999999999999 0.07964601769911506
0 0.35 0.2411504424778761 0.06 0.08407079646017698
0 0.4275 0.28761061946902655 0.04999999999999999 0.07964601769911506
0 0.47375 0.3584070796460177 0.05749999999999994 0.10619469026548672
0 0.5487500000000001 0.36946902654867253 0.0675 0.08407079646017696
1 0.46499999999999997 0.17256637168141592 0.034999999999999976 0.07079646017699115
0 0.38125 0.09955752212389381 0.02250000000000002 0.03982300884955753
0 0.4675 0.08407079646017698 0.024999999999999967 0.04424778761061947
0 0.67625 0.4579646017699115 0.09250000000000003 0.15486725663716822
0 0.13125 0.20575221238938052 0.03749999999999999 0.08407079646017698
0 0.26749999999999996 0.1836283185840708 0.044999999999999984 0.0663716814159292
0 0.5774999999999999 0.059734513274336286 0.015000000000000013 0.030973451327433635
0 0.7987500000000001 0.9026548672566372 0.0675 0.18584070796460173
0 0.84125 0.5420353982300885 0.08750000000000002 0.17256637168141592
0 0.8262499999999999 0.28982300884955753 0.0675 0.10176991150442474
0 0.8187500000000001 0.4269911504424779 0.03749999999999998 0.09292035398230092
0 0.77875 0.21017699115044247 0.04250000000000009 0.1017699115044248
0 0.87125 0.1747787610619469 0.03249999999999997 0.0663716814159292
