0 0.2075 0.15891472868217055 0.05499999999999999 0.07751937984496123
0 0.29000000000000004 0.3856589147286822 0.044999999999999984 0.06589147286821706
0 0.46625 0.20930232558139533 0.04749999999999999 0.0697674418604651
0 0.9137500000000001 0.1996124031007752 0.04250000000000009 0.06589147286821706
0 0.6912499999999999 0.22093023255813954 0.03749999999999998 0.054263565891472854
0 0.61 0.20155038759689925 0.03499999999999992 0.046511627906976744
0 0.5662499999999999 0.23255813953488375 0.02749999999999997 0.046511627906976744
0 0.07875 0.1937984496124031 0.027499999999999997 0.038759689922480606
0 0.2925 0.15310077519379844 0.024999999999999967 0.042635658914728675
0 0.33999999999999997 0.18410852713178294 0.019999999999999962 0.034883720930232565
0 0.39 0.18992248062015504 0.020000000000000018 0.031007751937984496
0 0.97375 0.20348837209302326 0.01750000000000007 0.027131782945736427
