0 0.02375 0.49250936329588013 0.042499999999999996 0.0786516853932584
0 0.09 0.4550561797752809 0.045 0.07116104868913853
0 0.19375 0.4550561797752809 0.04749999999999999 0.07116104868913853
0 0.28875 0.42883895131086147 0.04249999999999998 0.06367041198501872
0 0.35 0.449438202247191 0.044999999999999984 0.08239700374531833
0 0.485 0.46816479400749067 0.04499999999999993 0.07490636704119852
0 0.50625 0.4288389513108614 0.027500000000000024 0.08614232209737827
0 0.615 0.4400749063670412 0.02499999999999991 0.048689138576779034
0 0.69375 0.33146067415730335 0.05249999999999999 0.09363295880149813
0 0.8725 0.35580524344569286 0.05999999999999994 0.0898876404494382
0 0.9937499999999999 0.38014981273408244 0.01749999999999996 0.07116104868913858
0 0.92875 0.3764044943820225 0.04749999999999999 0.07865168539325845
1 0.64 0.44756554307116103 0.03499999999999992 0.07116104868913858
1 0.40625 0.4943820224719101 0.04249999999999998 0.07490636704119846
1 0.26125 0.4719101123595506 0.04749999999999999 0.08239700374531839
